0.600000, 500.000000, 1.000000e+00, 2.000000e-03, 1.000000e+00, -8.483132
0.600000, 250.000000, 1.000000e+00, 4.000000e-03, 1.000000e+00, -10.585870
0.600000, 150.000000, 1.000000e+00, 6.666667e-03, 1.000000e+00, -12.112361
0.600000, 100.000000, 1.000000e+00, 1.000000e-02, 1.000000e+00, -12.772720
0.600000, 80.000000, 1.000000e+00, 1.250000e-02, 1.000000e+00, -13.940321
0.600000, 60.000000, 1.000000e+00, 1.666667e-02, 1.000000e+00, -15.108362
0.600000, 40.000000, 1.000000e+00, 2.500000e-02, 1.000000e+00, -16.034702
0.600000, 20.000000, 1.000000e+00, 5.000000e-02, 1.000000e+00, -16.558319
0.600000, 10.000000, 1.000000e+00, 1.000000e-01, 1.000000e+00, -16.917458
0.600000, 5.000000, 1.000000e+00, 2.000000e-01, 1.000000e+00, -16.968008
0.600000, 500.000000, 1.000000e+01, 2.000000e-02, 1.000000e+00, -8.246713
0.600000, 250.000000, 1.000000e+01, 4.000000e-02, 1.000000e+00, -10.271998
0.600000, 150.000000, 1.000000e+01, 6.666667e-02, 1.000000e+00, -11.852438
0.600000, 100.000000, 1.000000e+01, 1.000000e-01, 1.000000e+00, -13.109023
0.600000, 80.000000, 1.000000e+01, 1.250000e-01, 1.000000e+00, -13.412090
0.600000, 60.000000, 1.000000e+01, 1.666667e-01, 1.000000e+00, -13.727147
0.600000, 40.000000, 1.000000e+01, 2.500000e-01, 1.000000e+00, -15.052476
0.600000, 20.000000, 1.000000e+01, 5.000000e-01, 1.000000e+00, -16.269424
0.600000, 10.000000, 1.000000e+01, 1.000000e+00, 1.000000e+00, -16.862085
0.600000, 5.000000, 1.000000e+01, 2.000000e+00, 1.000000e+00, -16.961060
0.600000, 500.000000, 1.000000e+02, 2.000000e-01, 1.000000e+00, -7.411783
0.600000, 250.000000, 1.000000e+02, 4.000000e-01, 1.000000e+00, -9.763276
0.600000, 150.000000, 1.000000e+02, 6.666667e-01, 1.000000e+00, -11.85439
0.600000, 100.000000, 1.000000e+02, 1.000000e+00, 1.000000e+00, -12.51149
0.600000, 80.000000, 1.000000e+02, 1.250000e+00, 1.000000e+00, -12.940795
0.600000, 60.000000, 1.000000e+02, 1.666667e+00, 1.000000e+00, -13.854823
0.600000, 40.000000, 1.000000e+02, 2.500000e+00, 1.000000e+00, -15.172458
0.600000, 20.000000, 1.000000e+02, 5.000000e+00, 1.000000e+00, -16.552166
0.600000, 10.000000, 1.000000e+02, 1.000000e+01, 1.000000e+00, -16.762163
0.600000, 5.000000, 1.000000e+02, 2.000000e+01, 1.000000e+00, -17.004757
0.600000, 500.000000, 1.000000e+03, 2.000000e+00, 1.000000e+00, -6.507888
0.600000, 250.000000, 1.000000e+03, 4.000000e+00, 1.000000e+00, -9.421118
0.600000, 150.000000, 1.000000e+03, 6.666667e+00, 1.000000e+00, -11.892450
0.600000, 100.000000, 1.000000e+03, 1.000000e+01, 1.000000e+00, -12.035241
0.600000, 80.000000, 1.000000e+03, 1.250000e+01, 1.000000e+00, -13.021310
0.600000, 60.000000, 1.000000e+03, 1.666667e+01, 1.000000e+00, -13.791401
0.600000, 40.000000, 1.000000e+03, 2.500000e+01, 1.000000e+00, -15.008351
0.600000, 20.000000, 1.000000e+03, 5.000000e+01, 1.000000e+00, -17.148909
0.600000, 10.000000, 1.000000e+03, 1.000000e+02, 1.000000e+00, -17.037593
0.600000, 5.000000, 1.000000e+03, 2.000000e+02, 1.000000e+00, -16.986743
0.600000, 500.000000, 1.000000e+04, 2.000000e+01, 1.000000e+00, -5.324870
0.600000, 250.000000, 1.000000e+04, 4.000000e+01, 1.000000e+00, -9.283641
0.600000, 150.000000, 1.000000e+04, 6.666667e+01, 1.000000e+00, -11.325613
0.600000, 100.000000, 1.000000e+04, 1.000000e+02, 1.000000e+00, -11.544903
0.600000, 80.000000, 1.000000e+04, 1.250000e+02, 1.000000e+00, -12.797939
0.600000, 60.000000, 1.000000e+04, 1.666667e+02, 1.000000e+00, -13.424514
0.600000, 40.000000, 1.000000e+04, 2.500000e+02, 1.000000e+00, -14.592341
0.600000, 20.000000, 1.000000e+04, 5.000000e+02, 1.000000e+00, -16.909275
0.600000, 10.000000, 1.000000e+04, 1.000000e+03, 1.000000e+00, -16.622772
0.600000, 5.000000, 1.000000e+04, 2.000000e+03, 1.000000e+00, -16.916894
0.600000, 500.000000, 1.000000e+05, 2.000000e+02, 1.000000e+00, -4.315442
0.600000, 250.000000, 1.000000e+05, 4.000000e+02, 1.000000e+00, -9.978131
0.600000, 150.000000, 1.000000e+05, 6.666667e+02, 1.000000e+00, -10.448412
0.600000, 100.000000, 1.000000e+05, 1.000000e+03, 1.000000e+00, -11.042932
0.600000, 80.000000, 1.000000e+05, 1.250000e+03, 1.000000e+00, -12.312341
0.600000, 60.000000, 1.000000e+05, 1.666667e+03, 1.000000e+00, -13.042394
0.600000, 40.000000, 1.000000e+05, 2.500000e+03, 1.000000e+00, -14.082342
0.600000, 20.000000, 1.000000e+05, 5.000000e+03, 1.000000e+00, -16.704258
0.600000, 10.000000, 1.000000e+05, 1.000000e+04, 1.000000e+00, -16.674006
0.600000, 5.000000, 1.000000e+05, 2.000000e+04, 1.000000e+00, -16.910646
0.600000, 500.000000, 1.000000e+00, 2.000000e-03, 1.000000e+01, -7.420302
0.600000, 250.000000, 1.000000e+00, 4.000000e-03, 1.000000e+01, -9.605014
0.600000, 150.000000, 1.000000e+00, 6.666667e-03, 1.000000e+01, -11.600149
0.600000, 100.000000, 1.000000e+00, 1.000000e-02, 1.000000e+01, -11.682254
0.600000, 80.000000, 1.000000e+00, 1.250000e-02, 1.000000e+01, -12.167492
0.600000, 60.000000, 1.000000e+00, 1.666667e-02, 1.000000e+01, -12.568046
0.600000, 40.000000, 1.000000e+00, 2.500000e-02, 1.000000e+01, -14.542591
0.600000, 20.000000, 1.000000e+00, 5.000000e-02, 1.000000e+01, -16.022785
0.600000, 10.000000, 1.000000e+00, 1.000000e-01, 1.000000e+01, -16.412799
0.600000, 5.000000, 1.000000e+00, 2.000000e-01, 1.000000e+01, -17.183580
0.600000, 500.000000, 1.000000e+01, 2.000000e-02, 1.000000e+01, -7.270116
0.600000, 250.000000, 1.000000e+01, 4.000000e-02, 1.000000e+01, -9.325271
0.600000, 150.000000, 1.000000e+01, 6.666667e-02, 1.000000e+01, -10.364594
0.600000, 100.000000, 1.000000e+01, 1.000000e-01, 1.000000e+01, -11.284608
0.600000, 80.000000, 1.000000e+01, 1.250000e-01, 1.000000e+01, -11.935942
0.600000, 60.000000, 1.000000e+01, 1.666667e-01, 1.000000e+01, -12.311548
0.600000, 40.000000, 1.000000e+01, 2.500000e-01, 1.000000e+01, -13.687171
0.600000, 20.000000, 1.000000e+01, 5.000000e-01, 1.000000e+01, -15.817923
0.600000, 10.000000, 1.000000e+01, 1.000000e+00, 1.000000e+01, -15.976261
0.600000, 5.000000, 1.000000e+01, 2.000000e+00, 1.000000e+01, -16.859756
0.600000, 500.000000, 1.000000e+02, 2.000000e-01, 1.000000e+01, -7.674902
0.600000, 250.000000, 1.000000e+02, 4.000000e-01, 1.000000e+01, -8.338186
0.600000, 150.000000, 1.000000e+02, 6.666667e-01, 1.000000e+01, -10.709437
0.600000, 100.000000, 1.000000e+02, 1.000000e+00, 1.000000e+01, -11.081893
0.600000, 80.000000, 1.000000e+02, 1.250000e+00, 1.000000e+01, -11.696279
0.600000, 60.000000, 1.000000e+02, 1.666667e+00, 1.000000e+01, -12.282939
0.600000, 40.000000, 1.000000e+02, 2.500000e+00, 1.000000e+01, -14.026112
0.600000, 20.000000, 1.000000e+02, 5.000000e+00, 1.000000e+01, -15.364633
0.600000, 10.000000, 1.000000e+02, 1.000000e+01, 1.000000e+01, -15.934114
0.600000, 5.000000, 1.000000e+02, 2.000000e+01, 1.000000e+01, -16.406976
0.600000, 500.000000, 1.000000e+03, 2.000000e+00, 1.000000e+01, -6.634384
0.600000, 250.000000, 1.000000e+03, 4.000000e+00, 1.000000e+01, -8.028701
0.600000, 150.000000, 1.000000e+03, 6.666667e+00, 1.000000e+01, -9.959567
0.600000, 100.000000, 1.000000e+03, 1.000000e+01, 1.000000e+01, -10.970968
0.600000, 80.000000, 1.000000e+03, 1.250000e+01, 1.000000e+01, -11.566558
0.600000, 60.000000, 1.000000e+03, 1.666667e+01, 1.000000e+01, -12.274619
0.600000, 40.000000, 1.000000e+03, 2.500000e+01, 1.000000e+01, -14.470668
0.600000, 20.000000, 1.000000e+03, 5.000000e+01, 1.000000e+01, -15.236126
0.600000, 10.000000, 1.000000e+03, 1.000000e+02, 1.000000e+01, -15.982594
0.600000, 5.000000, 1.000000e+03, 2.000000e+02, 1.000000e+01, -16.140363
0.600000, 500.000000, 1.000000e+04, 2.000000e+01, 1.000000e+01, -6.225239
0.600000, 250.000000, 1.000000e+04, 4.000000e+01, 1.000000e+01, -8.329209
0.600000, 150.000000, 1.000000e+04, 6.666667e+01, 1.000000e+01, -9.773700
0.600000, 100.000000, 1.000000e+04, 1.000000e+02, 1.000000e+01, -10.834833
0.600000, 80.000000, 1.000000e+04, 1.250000e+02, 1.000000e+01, -11.545012
0.600000, 60.000000, 1.000000e+04, 1.666667e+02, 1.000000e+01, -12.189956
0.600000, 40.000000, 1.000000e+04, 2.500000e+02, 1.000000e+01, -13.161973
0.600000, 20.000000, 1.000000e+04, 5.000000e+02, 1.000000e+01, -14.948068
0.600000, 10.000000, 1.000000e+04, 1.000000e+03, 1.000000e+01, -15.233103
0.600000, 5.000000, 1.000000e+04, 2.000000e+03, 1.000000e+01, -16.084379
0.600000, 500.000000, 1.000000e+05, 2.000000e+02, 1.000000e+01, -4.500252
0.600000, 250.000000, 1.000000e+05, 4.000000e+02, 1.000000e+01, -8.140392
0.600000, 150.000000, 1.000000e+05, 6.666667e+02, 1.000000e+01, -9.488994
0.600000, 100.000000, 1.000000e+05, 1.000000e+03, 1.000000e+01, -10.667177
0.600000, 80.000000, 1.000000e+05, 1.250000e+03, 1.000000e+01, -11.381516
0.600000, 60.000000, 1.000000e+05, 1.666667e+03, 1.000000e+01, -12.275481
0.600000, 40.000000, 1.000000e+05, 2.500000e+03, 1.000000e+01, -12.687337
0.600000, 20.000000, 1.000000e+05, 5.000000e+03, 1.000000e+01, -15.691623
0.600000, 10.000000, 1.000000e+05, 1.000000e+04, 1.000000e+01, -15.609082
0.600000, 5.000000, 1.000000e+05, 2.000000e+04, 1.000000e+01, -15.800701
0.600000, 500.000000, 1.000000e+00, 2.000000e-03, 1.000000e+02, -7.301203
0.600000, 250.000000, 1.000000e+00, 4.000000e-03, 1.000000e+02, -7.518056
0.600000, 150.000000, 1.000000e+00, 6.666667e-03, 1.000000e+02, -8.408447
0.600000, 100.000000, 1.000000e+00, 1.000000e-02, 1.000000e+02, -9.735045
0.600000, 80.000000, 1.000000e+00, 1.250000e-02, 1.000000e+02, -11.110460
0.600000, 60.000000, 1.000000e+00, 1.666667e-02, 1.000000e+02, -11.912293
0.600000, 40.000000, 1.000000e+00, 2.500000e-02, 1.000000e+02, -12.745472
0.600000, 20.000000, 1.000000e+00, 5.000000e-02, 1.000000e+02, -15.001347
0.600000, 10.000000, 1.000000e+00, 1.000000e-01, 1.000000e+02, -15.264936
0.600000, 5.000000, 1.000000e+00, 2.000000e-01, 1.000000e+02, -15.978028
0.600000, 500.000000, 1.000000e+01, 2.000000e-02, 1.000000e+02, -6.665755
0.600000, 250.000000, 1.000000e+01, 4.000000e-02, 1.000000e+02, -7.483430
0.600000, 150.000000, 1.000000e+01, 6.666667e-02, 1.000000e+02, -8.392756
0.600000, 100.000000, 1.000000e+01, 1.000000e-01, 1.000000e+02, -9.635587
0.600000, 80.000000, 1.000000e+01, 1.250000e-01, 1.000000e+02, -10.276808
0.600000, 60.000000, 1.000000e+01, 1.666667e-01, 1.000000e+02, -11.258648
0.600000, 40.000000, 1.000000e+01, 2.500000e-01, 1.000000e+02, -12.584039
0.600000, 20.000000, 1.000000e+01, 5.000000e-01, 1.000000e+02, -14.481543
0.600000, 10.000000, 1.000000e+01, 1.000000e+00, 1.000000e+02, -15.026670
0.600000, 5.000000, 1.000000e+01, 2.000000e+00, 1.000000e+02, -15.834997
0.600000, 500.000000, 1.000000e+02, 2.000000e-01, 1.000000e+02, -6.416493
0.600000, 250.000000, 1.000000e+02, 4.000000e-01, 1.000000e+02, -7.326166
0.600000, 150.000000, 1.000000e+02, 6.666667e-01, 1.000000e+02, -8.251434
0.600000, 100.000000, 1.000000e+02, 1.000000e+00, 1.000000e+02, -9.397417
0.600000, 80.000000, 1.000000e+02, 1.250000e+00, 1.000000e+02, -10.077272
0.600000, 60.000000, 1.000000e+02, 1.666667e+00, 1.000000e+02, -10.858794
0.600000, 40.000000, 1.000000e+02, 2.500000e+00, 1.000000e+02, -12.591445
0.600000, 20.000000, 1.000000e+02, 5.000000e+00, 1.000000e+02, -14.859073
0.600000, 10.000000, 1.000000e+02, 1.000000e+01, 1.000000e+02, -14.973733
0.600000, 5.000000, 1.000000e+02, 2.000000e+01, 1.000000e+02, -15.647123
0.600000, 500.000000, 1.000000e+03, 2.000000e+00, 1.000000e+02, -6.952003
0.600000, 250.000000, 1.000000e+03, 4.000000e+00, 1.000000e+02, -7.158354
0.600000, 150.000000, 1.000000e+03, 6.666667e+00, 1.000000e+02, -8.120895
0.600000, 100.000000, 1.000000e+03, 1.000000e+01, 1.000000e+02, -9.202548
0.600000, 80.000000, 1.000000e+03, 1.250000e+01, 1.000000e+02, -9.921518
0.600000, 60.000000, 1.000000e+03, 1.666667e+01, 1.000000e+02, -10.849046
0.600000, 40.000000, 1.000000e+03, 2.500000e+01, 1.000000e+02, -12.408230
0.600000, 20.000000, 1.000000e+03, 5.000000e+01, 1.000000e+02, -14.650775
0.600000, 10.000000, 1.000000e+03, 1.000000e+02, 1.000000e+02, -14.970114
0.600000, 5.000000, 1.000000e+03, 2.000000e+02, 1.000000e+02, -15.333167
0.600000, 500.000000, 1.000000e+04, 2.000000e+01, 1.000000e+02, -5.724575
0.600000, 250.000000, 1.000000e+04, 4.000000e+01, 1.000000e+02, -6.993739
0.600000, 150.000000, 1.000000e+04, 6.666667e+01, 1.000000e+02, -7.978363
0.600000, 100.000000, 1.000000e+04, 1.000000e+02, 1.000000e+02, -9.088329
0.600000, 80.000000, 1.000000e+04, 1.250000e+02, 1.000000e+02, -9.763963
0.600000, 60.000000, 1.000000e+04, 1.666667e+02, 1.000000e+02, -10.630881
0.600000, 40.000000, 1.000000e+04, 2.500000e+02, 1.000000e+02, -13.221399
0.600000, 20.000000, 1.000000e+04, 5.000000e+02, 1.000000e+02, -14.728277
0.600000, 10.000000, 1.000000e+04, 1.000000e+03, 1.000000e+02, -14.319028
0.600000, 5.000000, 1.000000e+04, 2.000000e+03, 1.000000e+02, -14.953955
0.600000, 500.000000, 1.000000e+05, 2.000000e+02, 1.000000e+02, -5.308535
0.600000, 250.000000, 1.000000e+05, 4.000000e+02, 1.000000e+02, -6.819872
0.600000, 150.000000, 1.000000e+05, 6.666667e+02, 1.000000e+02, -7.850079
0.600000, 100.000000, 1.000000e+05, 1.000000e+03, 1.000000e+02, -8.973866
0.600000, 80.000000, 1.000000e+05, 1.250000e+03, 1.000000e+02, -9.693663
0.600000, 60.000000, 1.000000e+05, 1.666667e+03, 1.000000e+02, -10.624629
0.600000, 40.000000, 1.000000e+05, 2.500000e+03, 1.000000e+02, -11.519263
0.600000, 20.000000, 1.000000e+05, 5.000000e+03, 1.000000e+02, -14.436620
0.600000, 10.000000, 1.000000e+05, 1.000000e+04, 1.000000e+02, -13.658533
0.600000, 5.000000, 1.000000e+05, 2.000000e+04, 1.000000e+02, -14.639696
0.600000, 500.000000, 1.000000e+00, 2.000000e-03, 1.000000e+03, -7.177681
0.600000, 250.000000, 1.000000e+00, 4.000000e-03, 1.000000e+03, -7.188729
0.600000, 150.000000, 1.000000e+00, 6.666667e-03, 1.000000e+03, -7.476275
0.600000, 100.000000, 1.000000e+00, 1.000000e-02, 1.000000e+03, -8.078848
0.600000, 80.000000, 1.000000e+00, 1.250000e-02, 1.000000e+03, -8.602936
0.600000, 60.000000, 1.000000e+00, 1.666667e-02, 1.000000e+03, -9.569100
0.600000, 40.000000, 1.000000e+00, 2.500000e-02, 1.000000e+03, -11.234278
0.600000, 20.000000, 1.000000e+00, 5.000000e-02, 1.000000e+03, -13.164846
0.600000, 10.000000, 1.000000e+00, 1.000000e-01, 1.000000e+03, -14.361530
0.600000, 5.000000, 1.000000e+00, 2.000000e-01, 1.000000e+03, -14.917816
0.600000, 500.000000, 1.000000e+01, 2.000000e-02, 1.000000e+03, -6.314267
0.600000, 250.000000, 1.000000e+01, 4.000000e-02, 1.000000e+03, -7.064873
0.600000, 150.000000, 1.000000e+01, 6.666667e-02, 1.000000e+03, -7.626024
0.600000, 100.000000, 1.000000e+01, 1.000000e-01, 1.000000e+03, -8.210003
0.600000, 80.000000, 1.000000e+01, 1.250000e-01, 1.000000e+03, -8.647011
0.600000, 60.000000, 1.000000e+01, 1.666667e-01, 1.000000e+03, -9.486908
0.600000, 40.000000, 1.000000e+01, 2.500000e-01, 1.000000e+03, -11.077275
0.600000, 20.000000, 1.000000e+01, 5.000000e-01, 1.000000e+03, -12.815080
0.600000, 10.000000, 1.000000e+01, 1.000000e+00, 1.000000e+03, -13.923641
0.600000, 5.000000, 1.000000e+01, 2.000000e+00, 1.000000e+03, -14.791619
0.600000, 500.000000, 1.000000e+02, 2.000000e-01, 1.000000e+03, -6.235926
0.600000, 250.000000, 1.000000e+02, 4.000000e-01, 1.000000e+03, -6.928072
0.600000, 150.000000, 1.000000e+02, 6.666667e-01, 1.000000e+03, -7.537913
0.600000, 100.000000, 1.000000e+02, 1.000000e+00, 1.000000e+03, -8.125836
0.600000, 80.000000, 1.000000e+02, 1.250000e+00, 1.000000e+03, -8.533491
0.600000, 60.000000, 1.000000e+02, 1.666667e+00, 1.000000e+03, -8.950859
0.600000, 40.000000, 1.000000e+02, 2.500000e+00, 1.000000e+03, -10.885660
0.600000, 20.000000, 1.000000e+02, 5.000000e+00, 1.000000e+03, -13.249226
0.600000, 10.000000, 1.000000e+02, 1.000000e+01, 1.000000e+03, -13.587855
0.600000, 5.000000, 1.000000e+02, 2.000000e+01, 1.000000e+03, -14.617811
0.600000, 500.000000, 1.000000e+03, 2.000000e+00, 1.000000e+03, -5.966517
0.600000, 250.000000, 1.000000e+03, 4.000000e+00, 1.000000e+03, -6.804145
0.600000, 150.000000, 1.000000e+03, 6.666667e+00, 1.000000e+03, -7.451129
0.600000, 100.000000, 1.000000e+03, 1.000000e+01, 1.000000e+03, -8.053769
0.600000, 80.000000, 1.000000e+03, 1.250000e+01, 1.000000e+03, -8.451018
0.600000, 60.000000, 1.000000e+03, 1.666667e+01, 1.000000e+03, -9.225944
0.600000, 40.000000, 1.000000e+03, 2.500000e+01, 1.000000e+03, -10.833828
0.600000, 20.000000, 1.000000e+03, 5.000000e+01, 1.000000e+03, -12.951717
0.600000, 10.000000, 1.000000e+03, 1.000000e+02, 1.000000e+03, -13.279515
0.600000, 5.000000, 1.000000e+03, 2.000000e+02, 1.000000e+03, -14.216237
0.600000, 500.000000, 1.000000e+04, 2.000000e+01, 1.000000e+03, -5.540915
0.600000, 250.000000, 1.000000e+04, 4.000000e+01, 1.000000e+03, -6.682945
0.600000, 150.000000, 1.000000e+04, 6.666667e+01, 1.000000e+03, -7.369047
0.600000, 100.000000, 1.000000e+04, 1.000000e+02, 1.000000e+03, -7.984387
0.600000, 80.000000, 1.000000e+04, 1.250000e+02, 1.000000e+03, -8.369932
0.600000, 60.000000, 1.000000e+04, 1.666667e+02, 1.000000e+03, -8.707107
0.600000, 40.000000, 1.000000e+04, 2.500000e+02, 1.000000e+03, -10.689135
0.600000, 20.000000, 1.000000e+04, 5.000000e+02, 1.000000e+03, -11.955806
0.600000, 10.000000, 1.000000e+04, 1.000000e+03, 1.000000e+03, -13.409895
0.600000, 5.000000, 1.000000e+04, 2.000000e+03, 1.000000e+03, -13.620444
0.600000, 500.000000, 1.000000e+05, 2.000000e+02, 1.000000e+03, -5.184323
0.600000, 250.000000, 1.000000e+05, 4.000000e+02, 1.000000e+03, -6.547098
0.600000, 150.000000, 1.000000e+05, 6.666667e+02, 1.000000e+03, -7.284534
0.600000, 100.000000, 1.000000e+05, 1.000000e+03, 1.000000e+03, -7.915253
0.600000, 80.000000, 1.000000e+05, 1.250000e+03, 1.000000e+03, -8.286632
0.600000, 60.000000, 1.000000e+05, 1.666667e+03, 1.000000e+03, -8.687969
0.600000, 40.000000, 1.000000e+05, 2.500000e+03, 1.000000e+03, -10.122731
0.600000, 20.000000, 1.000000e+05, 5.000000e+03, 1.000000e+03, -12.345668
0.600000, 10.000000, 1.000000e+05, 1.000000e+04, 1.000000e+03, -13.145801
0.600000, 5.000000, 1.000000e+05, 2.000000e+04, 1.000000e+03, -13.282865
0.600000, 500.000000, 1.000000e+00, 2.000000e-03, 1.000000e+04, -7.032883
0.600000, 250.000000, 1.000000e+00, 4.000000e-03, 1.000000e+04, -6.969037
0.600000, 150.000000, 1.000000e+00, 6.666667e-03, 1.000000e+04, -6.996485
0.600000, 100.000000, 1.000000e+00, 1.000000e-02, 1.000000e+04, -7.253771
0.600000, 80.000000, 1.000000e+00, 1.250000e-02, 1.000000e+04, -7.496126
0.600000, 60.000000, 1.000000e+00, 1.666667e-02, 1.000000e+04, -7.901074
0.600000, 40.000000, 1.000000e+00, 2.500000e-02, 1.000000e+04, -8.827086
0.600000, 20.000000, 1.000000e+00, 5.000000e-02, 1.000000e+04, -9.409090
0.600000, 10.000000, 1.000000e+00, 1.000000e-01, 1.000000e+04, -10.521555
0.600000, 5.000000, 1.000000e+00, 2.000000e-01, 1.000000e+04, -10.427512
0.600000, 500.000000, 1.000000e+01, 2.000000e-02, 1.000000e+04, -6.114371
0.600000, 250.000000, 1.000000e+01, 4.000000e-02, 1.000000e+04, -6.664610
0.600000, 150.000000, 1.000000e+01, 6.666667e-02, 1.000000e+04, -7.188955
0.600000, 100.000000, 1.000000e+01, 1.000000e-01, 1.000000e+04, -7.552028
0.600000, 80.000000, 1.000000e+01, 1.250000e-01, 1.000000e+04, -7.770712
0.600000, 60.000000, 1.000000e+01, 1.666667e-01, 1.000000e+04, -8.071135
0.600000, 40.000000, 1.000000e+01, 2.500000e-01, 1.000000e+04, -8.674676
0.600000, 20.000000, 1.000000e+01, 5.000000e-01, 1.000000e+04, -9.353120
0.600000, 10.000000, 1.000000e+01, 1.000000e+00, 1.000000e+04, -10.222199
0.600000, 5.000000, 1.000000e+01, 2.000000e+00, 1.000000e+04, -10.294949
0.600000, 500.000000, 1.000000e+02, 2.000000e-01, 1.000000e+04, -6.112562
0.600000, 250.000000, 1.000000e+02, 4.000000e-01, 1.000000e+04, -6.659667
0.600000, 150.000000, 1.000000e+02, 6.666667e-01, 1.000000e+04, -7.109129
0.600000, 100.000000, 1.000000e+02, 1.000000e+00, 1.000000e+04, -7.496857
0.600000, 80.000000, 1.000000e+02, 1.250000e+00, 1.000000e+04, -7.724487
0.600000, 60.000000, 1.000000e+02, 1.666667e+00, 1.000000e+04, -8.024535
0.600000, 40.000000, 1.000000e+02, 2.500000e+00, 1.000000e+04, -8.597449
0.600000, 20.000000, 1.000000e+02, 5.000000e+00, 1.000000e+04, -9.276918
0.600000, 10.000000, 1.000000e+02, 1.000000e+01, 1.000000e+04, -9.979225
0.600000, 5.000000, 1.000000e+02, 2.000000e+01, 1.000000e+04, -10.166173
0.600000, 500.000000, 1.000000e+03, 2.000000e+00, 1.000000e+04, -6.143081
0.600000, 250.000000, 1.000000e+03, 4.000000e+00, 1.000000e+04, -6.551858
0.600000, 150.000000, 1.000000e+03, 6.666667e+00, 1.000000e+04, -7.040256
0.600000, 100.000000, 1.000000e+03, 1.000000e+01, 1.000000e+04, -7.433529
0.600000, 80.000000, 1.000000e+03, 1.250000e+01, 1.000000e+04, -7.678546
0.600000, 60.000000, 1.000000e+03, 1.666667e+01, 1.000000e+04, -7.976849
0.600000, 40.000000, 1.000000e+03, 2.500000e+01, 1.000000e+04, -8.512884
0.600000, 20.000000, 1.000000e+03, 5.000000e+01, 1.000000e+04, -9.136087
0.600000, 10.000000, 1.000000e+03, 1.000000e+02, 1.000000e+04, -9.902321
0.600000, 5.000000, 1.000000e+03, 2.000000e+02, 1.000000e+04, -10.025176
0.600000, 500.000000, 1.000000e+04, 2.000000e+01, 1.000000e+04, -6.000538
0.600000, 250.000000, 1.000000e+04, 4.000000e+01, 1.000000e+04, -6.444914
0.600000, 150.000000, 1.000000e+04, 6.666667e+01, 1.000000e+04, -6.975874
0.600000, 100.000000, 1.000000e+04, 1.000000e+02, 1.000000e+04, -7.389421
0.600000, 80.000000, 1.000000e+04, 1.250000e+02, 1.000000e+04, -7.633494
0.600000, 60.000000, 1.000000e+04, 1.666667e+02, 1.000000e+04, -7.946126
0.600000, 40.000000, 1.000000e+04, 2.500000e+02, 1.000000e+04, -8.458518
0.600000, 20.000000, 1.000000e+04, 5.000000e+02, 1.000000e+04, -9.038417
0.600000, 10.000000, 1.000000e+04, 1.000000e+03, 1.000000e+04, -9.673074
0.600000, 5.000000, 1.000000e+04, 2.000000e+03, 1.000000e+04, -10.213378
0.600000, 500.000000, 1.000000e+05, 2.000000e+02, 1.000000e+04, -5.712889
0.600000, 250.000000, 1.000000e+05, 4.000000e+02, 1.000000e+04, -6.331032
0.600000, 150.000000, 1.000000e+05, 6.666667e+02, 1.000000e+04, -6.913595
0.600000, 100.000000, 1.000000e+05, 1.000000e+03, 1.000000e+04, -7.339173
0.600000, 80.000000, 1.000000e+05, 1.250000e+03, 1.000000e+04, -7.591631
0.600000, 60.000000, 1.000000e+05, 1.666667e+03, 1.000000e+04, -7.904616
0.600000, 40.000000, 1.000000e+05, 2.500000e+03, 1.000000e+04, -8.401098
0.600000, 20.000000, 1.000000e+05, 5.000000e+03, 1.000000e+04, -8.972327
0.600000, 10.000000, 1.000000e+05, 1.000000e+04, 1.000000e+04, -9.491447
0.600000, 5.000000, 1.000000e+05, 2.000000e+04, 1.000000e+04, -9.908933
0.600000, 500.000000, 1.000000e+00, 2.000000e-03, 1.000000e+05, -7.004430
0.600000, 250.000000, 1.000000e+00, 4.000000e-03, 1.000000e+05, -6.789264
0.600000, 150.000000, 1.000000e+00, 6.666667e-03, 1.000000e+05, -6.721028
0.600000, 100.000000, 1.000000e+00, 1.000000e-02, 1.000000e+05, -6.652967
0.600000, 80.000000, 1.000000e+00, 1.250000e-02, 1.000000e+05, -6.668608
0.600000, 60.000000, 1.000000e+00, 1.666667e-02, 1.000000e+05, -7.176727
0.600000, 40.000000, 1.000000e+00, 2.500000e-02, 1.000000e+05, -7.773280
0.600000, 20.000000, 1.000000e+00, 5.000000e-02, 1.000000e+05, -8.529787
0.600000, 10.000000, 1.000000e+00, 1.000000e-01, 1.000000e+05, -9.138105
0.600000, 5.000000, 1.000000e+00, 2.000000e-01, 1.000000e+05, -9.219986
0.600000, 500.000000, 1.000000e+01, 2.000000e-02, 1.000000e+05, -5.908604
0.600000, 250.000000, 1.000000e+01, 4.000000e-02, 1.000000e+05, -5.865927
0.600000, 150.000000, 1.000000e+01, 6.666667e-02, 1.000000e+05, -6.297925
0.600000, 100.000000, 1.000000e+01, 1.000000e-01, 1.000000e+05, -7.065836
0.600000, 80.000000, 1.000000e+01, 1.250000e-01, 1.000000e+05, -7.539400
0.600000, 60.000000, 1.000000e+01, 1.666667e-01, 1.000000e+05, -7.745587
0.600000, 40.000000, 1.000000e+01, 2.500000e-01, 1.000000e+05, -8.010325
0.600000, 20.000000, 1.000000e+01, 5.000000e-01, 1.000000e+05, -8.535111
0.600000, 10.000000, 1.000000e+01, 1.000000e+00, 1.000000e+05, -8.951899
0.600000, 5.000000, 1.000000e+01, 2.000000e+00, 1.000000e+05, -9.317844
0.600000, 500.000000, 1.000000e+02, 2.000000e-01, 1.000000e+05, -5.432410
0.600000, 250.000000, 1.000000e+02, 4.000000e-01, 1.000000e+05, -6.628758
0.600000, 150.000000, 1.000000e+02, 6.666667e-01, 1.000000e+05, -6.998928
0.600000, 100.000000, 1.000000e+02, 1.000000e+00, 1.000000e+05, -7.268857
0.600000, 80.000000, 1.000000e+02, 1.250000e+00, 1.000000e+05, -7.426850
0.600000, 60.000000, 1.000000e+02, 1.666667e+00, 1.000000e+05, -7.652679
0.600000, 40.000000, 1.000000e+02, 2.500000e+00, 1.000000e+05, -7.978934
0.600000, 20.000000, 1.000000e+02, 5.000000e+00, 1.000000e+05, -8.500567
0.600000, 10.000000, 1.000000e+02, 1.000000e+01, 1.000000e+05, -8.834545
0.600000, 5.000000, 1.000000e+02, 2.000000e+01, 1.000000e+05, -9.054261
0.600000, 500.000000, 1.000000e+03, 2.000000e+00, 1.000000e+05, -5.882124
0.600000, 250.000000, 1.000000e+03, 4.000000e+00, 1.000000e+05, -6.463481
0.600000, 150.000000, 1.000000e+03, 6.666667e+00, 1.000000e+05, -6.904634
0.600000, 100.000000, 1.000000e+03, 1.000000e+01, 1.000000e+05, -7.247849
0.600000, 80.000000, 1.000000e+03, 1.250000e+01, 1.000000e+05, -7.351230
0.600000, 60.000000, 1.000000e+03, 1.666667e+01, 1.000000e+05, -7.586052
0.600000, 40.000000, 1.000000e+03, 2.500000e+01, 1.000000e+05, -7.897724
0.600000, 20.000000, 1.000000e+03, 5.000000e+01, 1.000000e+05, -8.373773
0.600000, 10.000000, 1.000000e+03, 1.000000e+02, 1.000000e+05, -8.791210
0.600000, 5.000000, 1.000000e+03, 2.000000e+02, 1.000000e+05, -8.973840
0.600000, 500.000000, 1.000000e+04, 2.000000e+01, 1.000000e+05, -5.598420
0.600000, 250.000000, 1.000000e+04, 4.000000e+01, 1.000000e+05, -6.310167
0.600000, 150.000000, 1.000000e+04, 6.666667e+01, 1.000000e+05, -6.854379
0.600000, 100.000000, 1.000000e+04, 1.000000e+02, 1.000000e+05, -7.163817
0.600000, 80.000000, 1.000000e+04, 1.250000e+02, 1.000000e+05, -7.356983
0.600000, 60.000000, 1.000000e+04, 1.666667e+02, 1.000000e+05, -7.601458
0.600000, 40.000000, 1.000000e+04, 2.500000e+02, 1.000000e+05, -7.881445
0.600000, 20.000000, 1.000000e+04, 5.000000e+02, 1.000000e+05, -8.351090
0.600000, 10.000000, 1.000000e+04, 1.000000e+03, 1.000000e+05, -8.713587
0.600000, 5.000000, 1.000000e+04, 2.000000e+03, 1.000000e+05, -8.974785
0.600000, 500.000000, 1.000000e+05, 2.000000e+02, 1.000000e+05, -5.406160
0.600000, 250.000000, 1.000000e+05, 4.000000e+02, 1.000000e+05, -6.217355
0.600000, 150.000000, 1.000000e+05, 6.666667e+02, 1.000000e+05, -6.790370
0.600000, 100.000000, 1.000000e+05, 1.000000e+03, 1.000000e+05, -7.114689
0.600000, 80.000000, 1.000000e+05, 1.250000e+03, 1.000000e+05, -7.303922
0.600000, 60.000000, 1.000000e+05, 1.666667e+03, 1.000000e+05, -7.538144
0.600000, 40.000000, 1.000000e+05, 2.500000e+03, 1.000000e+05, -7.861399
0.600000, 20.000000, 1.000000e+05, 5.000000e+03, 1.000000e+05, -8.336008
0.600000, 10.000000, 1.000000e+05, 1.000000e+04, 1.000000e+05, -8.654305
0.600000, 5.000000, 1.000000e+05, 2.000000e+04, 1.000000e+05, -8.997103
