3.000000, 500.000000, 1.000000e+00, 2.000000e-03, 1.000000e+00, -13.316023
3.000000, 250.000000, 1.000000e+00, 4.000000e-03, 1.000000e+00, -15.895701
3.000000, 150.000000, 1.000000e+00, 6.666667e-03, 1.000000e+00, -16.745105
3.000000, 100.000000, 1.000000e+00, 1.000000e-02, 1.000000e+00, -17.058837
3.000000, 80.000000, 1.000000e+00, 1.250000e-02, 1.000000e+00, -17.324932
3.000000, 60.000000, 1.000000e+00, 1.666667e-02, 1.000000e+00, -17.553499
3.000000, 40.000000, 1.000000e+00, 2.500000e-02, 1.000000e+00, -17.968331
3.000000, 20.000000, 1.000000e+00, 5.000000e-02, 1.000000e+00, -18.226309
3.000000, 10.000000, 1.000000e+00, 1.000000e-01, 1.000000e+00, -19.027108
3.000000, 5.000000, 1.000000e+00, 2.000000e-01, 1.000000e+00, -19.509094
3.000000, 500.000000, 1.000000e+01, 2.000000e-02, 1.000000e+00, -12.215342
3.000000, 250.000000, 1.000000e+01, 4.000000e-02, 1.000000e+00, -14.720342
3.000000, 150.000000, 1.000000e+01, 6.666667e-02, 1.000000e+00, -15.053366
3.000000, 100.000000, 1.000000e+01, 1.000000e-01, 1.000000e+00, -15.883659
3.000000, 80.000000, 1.000000e+01, 1.250000e-01, 1.000000e+00, -16.353846
3.000000, 60.000000, 1.000000e+01, 1.666667e-01, 1.000000e+00, -16.730365
3.000000, 40.000000, 1.000000e+01, 2.500000e-01, 1.000000e+00, -17.864470
3.000000, 20.000000, 1.000000e+01, 5.000000e-01, 1.000000e+00, -17.908025
3.000000, 10.000000, 1.000000e+01, 1.000000e+00, 1.000000e+00, -18.668053
3.000000, 5.000000, 1.000000e+01, 2.000000e+00, 1.000000e+00, -18.440650
3.000000, 500.000000, 1.000000e+02, 2.000000e-01, 1.000000e+00, -12.013942
3.000000, 250.000000, 1.000000e+02, 4.000000e-01, 1.000000e+00, -14.596282
3.000000, 150.000000, 1.000000e+02, 6.666667e-01, 1.000000e+00, -15.278653
3.000000, 100.000000, 1.000000e+02, 1.000000e+00, 1.000000e+00, -16.235635
3.000000, 80.000000, 1.000000e+02, 1.250000e+00, 1.000000e+00, -16.469761
3.000000, 60.000000, 1.000000e+02, 1.666667e+00, 1.000000e+00, -16.750869
3.000000, 40.000000, 1.000000e+02, 2.500000e+00, 1.000000e+00, -17.191257
3.000000, 20.000000, 1.000000e+02, 5.000000e+00, 1.000000e+00, -17.868836
3.000000, 10.000000, 1.000000e+02, 1.000000e+01, 1.000000e+00, -18.482665
3.000000, 5.000000, 1.000000e+02, 2.000000e+01, 1.000000e+00, -18.541294
3.000000, 500.000000, 1.000000e+03, 2.000000e+00, 1.000000e+00, -11.365055
3.000000, 250.000000, 1.000000e+03, 4.000000e+00, 1.000000e+00, -13.914817
3.000000, 150.000000, 1.000000e+03, 6.666667e+00, 1.000000e+00, -14.756812
3.000000, 100.000000, 1.000000e+03, 1.000000e+01, 1.000000e+00, -16.046128
3.000000, 80.000000, 1.000000e+03, 1.250000e+01, 1.000000e+00, -16.429476
3.000000, 60.000000, 1.000000e+03, 1.666667e+01, 1.000000e+00, -16.800855
3.000000, 40.000000, 1.000000e+03, 2.500000e+01, 1.000000e+00, -17.668823
3.000000, 20.000000, 1.000000e+03, 5.000000e+01, 1.000000e+00, -18.157270
3.000000, 10.000000, 1.000000e+03, 1.000000e+02, 1.000000e+00, -18.331077
3.000000, 5.000000, 1.000000e+03, 2.000000e+02, 1.000000e+00, -18.283557
3.000000, 500.000000, 1.000000e+04, 2.000000e+01, 1.000000e+00, -11.245941
3.000000, 250.000000, 1.000000e+04, 4.000000e+01, 1.000000e+00, -12.893042
3.000000, 150.000000, 1.000000e+04, 6.666667e+01, 1.000000e+00, -14.792143
3.000000, 100.000000, 1.000000e+04, 1.000000e+02, 1.000000e+00, -15.901737
3.000000, 80.000000, 1.000000e+04, 1.250000e+02, 1.000000e+00, -16.172870
3.000000, 60.000000, 1.000000e+04, 1.666667e+02, 1.000000e+00, -16.993424
3.000000, 40.000000, 1.000000e+04, 2.500000e+02, 1.000000e+00, -17.688388
3.000000, 20.000000, 1.000000e+04, 5.000000e+02, 1.000000e+00, -18.166860
3.000000, 10.000000, 1.000000e+04, 1.000000e+03, 1.000000e+00, -18.278794
3.000000, 5.000000, 1.000000e+04, 2.000000e+03, 1.000000e+00, -18.765416
3.000000, 500.000000, 1.000000e+05, 2.000000e+02, 1.000000e+00, -10.416644
3.000000, 250.000000, 1.000000e+05, 4.000000e+02, 1.000000e+00, -12.731911
3.000000, 150.000000, 1.000000e+05, 6.666667e+02, 1.000000e+00, -15.000492
3.000000, 100.000000, 1.000000e+05, 1.000000e+03, 1.000000e+00, -16.192264
3.000000, 80.000000, 1.000000e+05, 1.250000e+03, 1.000000e+00, -16.543131
3.000000, 60.000000, 1.000000e+05, 1.666667e+03, 1.000000e+00, -16.564538
3.000000, 40.000000, 1.000000e+05, 2.500000e+03, 1.000000e+00, -17.546204
3.000000, 20.000000, 1.000000e+05, 5.000000e+03, 1.000000e+00, -17.921412
3.000000, 10.000000, 1.000000e+05, 1.000000e+04, 1.000000e+00, -18.294845
3.000000, 5.000000, 1.000000e+05, 2.000000e+04, 1.000000e+00, -18.442352
3.000000, 500.000000, 1.000000e+00, 2.000000e-03, 1.000000e+01, -12.824936
3.000000, 250.000000, 1.000000e+00, 4.000000e-03, 1.000000e+01, -14.424089
3.000000, 150.000000, 1.000000e+00, 6.666667e-03, 1.000000e+01, -15.175488
3.000000, 100.000000, 1.000000e+00, 1.000000e-02, 1.000000e+01, -16.099848
3.000000, 80.000000, 1.000000e+00, 1.250000e-02, 1.000000e+01, -16.117431
3.000000, 60.000000, 1.000000e+00, 1.666667e-02, 1.000000e+01, -16.327153
3.000000, 40.000000, 1.000000e+00, 2.500000e-02, 1.000000e+01, -16.958231
3.000000, 20.000000, 1.000000e+00, 5.000000e-02, 1.000000e+01, -17.862477
3.000000, 10.000000, 1.000000e+00, 1.000000e-01, 1.000000e+01, -17.734988
3.000000, 5.000000, 1.000000e+00, 2.000000e-01, 1.000000e+01, -18.312394
3.000000, 500.000000, 1.000000e+01, 2.000000e-02, 1.000000e+01, -11.716365
3.000000, 250.000000, 1.000000e+01, 4.000000e-02, 1.000000e+01, -14.407106
3.000000, 150.000000, 1.000000e+01, 6.666667e-02, 1.000000e+01, -14.085756
3.000000, 100.000000, 1.000000e+01, 1.000000e-01, 1.000000e+01, -14.808058
3.000000, 80.000000, 1.000000e+01, 1.250000e-01, 1.000000e+01, -15.230296
3.000000, 60.000000, 1.000000e+01, 1.666667e-01, 1.000000e+01, -15.774497
3.000000, 40.000000, 1.000000e+01, 2.500000e-01, 1.000000e+01, -16.610178
3.000000, 20.000000, 1.000000e+01, 5.000000e-01, 1.000000e+01, -17.447696
3.000000, 10.000000, 1.000000e+01, 1.000000e+00, 1.000000e+01, -17.693400
3.000000, 5.000000, 1.000000e+01, 2.000000e+00, 1.000000e+01, -18.274409
3.000000, 500.000000, 1.000000e+02, 2.000000e-01, 1.000000e+01, -11.427483
3.000000, 250.000000, 1.000000e+02, 4.000000e-01, 1.000000e+01, -13.715834
3.000000, 150.000000, 1.000000e+02, 6.666667e-01, 1.000000e+01, -13.933740
3.000000, 100.000000, 1.000000e+02, 1.000000e+00, 1.000000e+01, -14.673811
3.000000, 80.000000, 1.000000e+02, 1.250000e+00, 1.000000e+01, -14.978446
3.000000, 60.000000, 1.000000e+02, 1.666667e+00, 1.000000e+01, -15.994534
3.000000, 40.000000, 1.000000e+02, 2.500000e+00, 1.000000e+01, -16.565292
3.000000, 20.000000, 1.000000e+02, 5.000000e+00, 1.000000e+01, -17.400452
3.000000, 10.000000, 1.000000e+02, 1.000000e+01, 1.000000e+01, -17.693507
3.000000, 5.000000, 1.000000e+02, 2.000000e+01, 1.000000e+01, -18.090463
3.000000, 500.000000, 1.000000e+03, 2.000000e+00, 1.000000e+01, -10.988315
3.000000, 250.000000, 1.000000e+03, 4.000000e+00, 1.000000e+01, -13.177485
3.000000, 150.000000, 1.000000e+03, 6.666667e+00, 1.000000e+01, -14.012915
3.000000, 100.000000, 1.000000e+03, 1.000000e+01, 1.000000e+01, -14.604662
3.000000, 80.000000, 1.000000e+03, 1.250000e+01, 1.000000e+01, -15.014922
3.000000, 60.000000, 1.000000e+03, 1.666667e+01, 1.000000e+01, -15.146669
3.000000, 40.000000, 1.000000e+03, 2.500000e+01, 1.000000e+01, -16.528914
3.000000, 20.000000, 1.000000e+03, 5.000000e+01, 1.000000e+01, -16.853684
3.000000, 10.000000, 1.000000e+03, 1.000000e+02, 1.000000e+01, -17.658666
3.000000, 5.000000, 1.000000e+03, 2.000000e+02, 1.000000e+01, -18.056475
3.000000, 500.000000, 1.000000e+04, 2.000000e+01, 1.000000e+01, -11.012214
3.000000, 250.000000, 1.000000e+04, 4.000000e+01, 1.000000e+01, -12.215321
3.000000, 150.000000, 1.000000e+04, 6.666667e+01, 1.000000e+01, -14.067595
3.000000, 100.000000, 1.000000e+04, 1.000000e+02, 1.000000e+01, -14.856807
3.000000, 80.000000, 1.000000e+04, 1.250000e+02, 1.000000e+01, -14.932336
3.000000, 60.000000, 1.000000e+04, 1.666667e+02, 1.000000e+01, -15.518883
3.000000, 40.000000, 1.000000e+04, 2.500000e+02, 1.000000e+01, -16.388869
3.000000, 20.000000, 1.000000e+04, 5.000000e+02, 1.000000e+01, -16.778210
3.000000, 10.000000, 1.000000e+04, 1.000000e+03, 1.000000e+01, -17.621497
3.000000, 5.000000, 1.000000e+04, 2.000000e+03, 1.000000e+01, -17.918965
3.000000, 500.000000, 1.000000e+05, 2.000000e+02, 1.000000e+01, -9.508612
3.000000, 250.000000, 1.000000e+05, 4.000000e+02, 1.000000e+01, -12.103466
3.000000, 150.000000, 1.000000e+05, 6.666667e+02, 1.000000e+01, -13.921548
3.000000, 100.000000, 1.000000e+05, 1.000000e+03, 1.000000e+01, -14.865993
3.000000, 80.000000, 1.000000e+05, 1.250000e+03, 1.000000e+01, -15.118842
3.000000, 60.000000, 1.000000e+05, 1.666667e+03, 1.000000e+01, -15.697832
3.000000, 40.000000, 1.000000e+05, 2.500000e+03, 1.000000e+01, -16.338037
3.000000, 20.000000, 1.000000e+05, 5.000000e+03, 1.000000e+01, -16.507171
3.000000, 10.000000, 1.000000e+05, 1.000000e+04, 1.000000e+01, -17.691949
3.000000, 5.000000, 1.000000e+05, 2.000000e+04, 1.000000e+01, -18.117332
3.000000, 500.000000, 1.000000e+00, 2.000000e-03, 1.000000e+02, -11.656780
3.000000, 250.000000, 1.000000e+00, 4.000000e-03, 1.000000e+02, -13.148884
3.000000, 150.000000, 1.000000e+00, 6.666667e-03, 1.000000e+02, -14.003952
3.000000, 100.000000, 1.000000e+00, 1.000000e-02, 1.000000e+02, -14.191836
3.000000, 80.000000, 1.000000e+00, 1.250000e-02, 1.000000e+02, -14.787899
3.000000, 60.000000, 1.000000e+00, 1.666667e-02, 1.000000e+02, -14.963988
3.000000, 40.000000, 1.000000e+00, 2.500000e-02, 1.000000e+02, -15.868036
3.000000, 20.000000, 1.000000e+00, 5.000000e-02, 1.000000e+02, -16.965488
3.000000, 10.000000, 1.000000e+00, 1.000000e-01, 1.000000e+02, -17.490853
3.000000, 5.000000, 1.000000e+00, 2.000000e-01, 1.000000e+02, -17.928006
3.000000, 500.000000, 1.000000e+01, 2.000000e-02, 1.000000e+02, -9.676499
3.000000, 250.000000, 1.000000e+01, 4.000000e-02, 1.000000e+02, -12.940729
3.000000, 150.000000, 1.000000e+01, 6.666667e-02, 1.000000e+02, -13.341183
3.000000, 100.000000, 1.000000e+01, 1.000000e-01, 1.000000e+02, -13.703203
3.000000, 80.000000, 1.000000e+01, 1.250000e-01, 1.000000e+02, -14.043685
3.000000, 60.000000, 1.000000e+01, 1.666667e-01, 1.000000e+02, -14.832308
3.000000, 40.000000, 1.000000e+01, 2.500000e-01, 1.000000e+02, -15.592699
3.000000, 20.000000, 1.000000e+01, 5.000000e-01, 1.000000e+02, -16.870260
3.000000, 10.000000, 1.000000e+01, 1.000000e+00, 1.000000e+02, -17.382280
3.000000, 5.000000, 1.000000e+01, 2.000000e+00, 1.000000e+02, -17.868101
3.000000, 500.000000, 1.000000e+02, 2.000000e-01, 1.000000e+02, -9.982055
3.000000, 250.000000, 1.000000e+02, 4.000000e-01, 1.000000e+02, -12.906218
3.000000, 150.000000, 1.000000e+02, 6.666667e-01, 1.000000e+02, -13.595196
3.000000, 100.000000, 1.000000e+02, 1.000000e+00, 1.000000e+02, -13.577361
3.000000, 80.000000, 1.000000e+02, 1.250000e+00, 1.000000e+02, -13.807761
3.000000, 60.000000, 1.000000e+02, 1.666667e+00, 1.000000e+02, -14.606757
3.000000, 40.000000, 1.000000e+02, 2.500000e+00, 1.000000e+02, -15.517282
3.000000, 20.000000, 1.000000e+02, 5.000000e+00, 1.000000e+02, -16.518027
3.000000, 10.000000, 1.000000e+02, 1.000000e+01, 1.000000e+02, -17.324475
3.000000, 5.000000, 1.000000e+02, 2.000000e+01, 1.000000e+02, -17.855682
3.000000, 500.000000, 1.000000e+03, 2.000000e+00, 1.000000e+02, -8.707437
3.000000, 250.000000, 1.000000e+03, 4.000000e+00, 1.000000e+02, -11.839824
3.000000, 150.000000, 1.000000e+03, 6.666667e+00, 1.000000e+02, -12.752342
3.000000, 100.000000, 1.000000e+03, 1.000000e+01, 1.000000e+02, -13.495159
3.000000, 80.000000, 1.000000e+03, 1.250000e+01, 1.000000e+02, -13.717891
3.000000, 60.000000, 1.000000e+03, 1.666667e+01, 1.000000e+02, -14.571479
3.000000, 40.000000, 1.000000e+03, 2.500000e+01, 1.000000e+02, -15.354594
3.000000, 20.000000, 1.000000e+03, 5.000000e+01, 1.000000e+02, -16.191493
3.000000, 10.000000, 1.000000e+03, 1.000000e+02, 1.000000e+02, -17.371590
3.000000, 5.000000, 1.000000e+03, 2.000000e+02, 1.000000e+02, -17.792540
3.000000, 500.000000, 1.000000e+04, 2.000000e+01, 1.000000e+02, -8.365570
3.000000, 250.000000, 1.000000e+04, 4.000000e+01, 1.000000e+02, -11.114821
3.000000, 150.000000, 1.000000e+04, 6.666667e+01, 1.000000e+02, -13.609275
3.000000, 100.000000, 1.000000e+04, 1.000000e+02, 1.000000e+02, -13.520044
3.000000, 80.000000, 1.000000e+04, 1.250000e+02, 1.000000e+02, -13.730042
3.000000, 60.000000, 1.000000e+04, 1.666667e+02, 1.000000e+02, -14.350527
3.000000, 40.000000, 1.000000e+04, 2.500000e+02, 1.000000e+02, -15.781093
3.000000, 20.000000, 1.000000e+04, 5.000000e+02, 1.000000e+02, -16.065486
3.000000, 10.000000, 1.000000e+04, 1.000000e+03, 1.000000e+02, -17.288779
3.000000, 5.000000, 1.000000e+04, 2.000000e+03, 1.000000e+02, -17.743631
3.000000, 500.000000, 1.000000e+05, 2.000000e+02, 1.000000e+02, -8.014610
3.000000, 250.000000, 1.000000e+05, 4.000000e+02, 1.000000e+02, -11.168524
3.000000, 150.000000, 1.000000e+05, 6.666667e+02, 1.000000e+02, -12.450023
3.000000, 100.000000, 1.000000e+05, 1.000000e+03, 1.000000e+02, -13.874305
3.000000, 80.000000, 1.000000e+05, 1.250000e+03, 1.000000e+02, -13.994411
3.000000, 60.000000, 1.000000e+05, 1.666667e+03, 1.000000e+02, -15.094324
3.000000, 40.000000, 1.000000e+05, 2.500000e+03, 1.000000e+02, -15.656146
3.000000, 20.000000, 1.000000e+05, 5.000000e+03, 1.000000e+02, -15.732143
3.000000, 10.000000, 1.000000e+05, 1.000000e+04, 1.000000e+02, -17.051813
3.000000, 5.000000, 1.000000e+05, 2.000000e+04, 1.000000e+02, -17.546543
3.000000, 500.000000, 1.000000e+00, 2.000000e-03, 1.000000e+03, -8.349287
3.000000, 250.000000, 1.000000e+00, 4.000000e-03, 1.000000e+03, -12.957924
3.000000, 150.000000, 1.000000e+00, 6.666667e-03, 1.000000e+03, -13.318205
3.000000, 100.000000, 1.000000e+00, 1.000000e-02, 1.000000e+03, -14.041777
3.000000, 80.000000, 1.000000e+00, 1.250000e-02, 1.000000e+03, -13.769388
3.000000, 60.000000, 1.000000e+00, 1.666667e-02, 1.000000e+03, -14.217432
3.000000, 40.000000, 1.000000e+00, 2.500000e-02, 1.000000e+03, -15.284059
3.000000, 20.000000, 1.000000e+00, 5.000000e-02, 1.000000e+03, -15.763290
3.000000, 10.000000, 1.000000e+00, 1.000000e-01, 1.000000e+03, -16.455441
3.000000, 5.000000, 1.000000e+00, 2.000000e-01, 1.000000e+03, -16.837750
3.000000, 500.000000, 1.000000e+01, 2.000000e-02, 1.000000e+03, -7.072382
3.000000, 250.000000, 1.000000e+01, 4.000000e-02, 1.000000e+03, -11.546103
3.000000, 150.000000, 1.000000e+01, 6.666667e-02, 1.000000e+03, -12.629408
3.000000, 100.000000, 1.000000e+01, 1.000000e-01, 1.000000e+03, -13.165205
3.000000, 80.000000, 1.000000e+01, 1.250000e-01, 1.000000e+03, -13.308130
3.000000, 60.000000, 1.000000e+01, 1.666667e-01, 1.000000e+03, -13.960969
3.000000, 40.000000, 1.000000e+01, 2.500000e-01, 1.000000e+03, -14.635619
3.000000, 20.000000, 1.000000e+01, 5.000000e-01, 1.000000e+03, -15.695246
3.000000, 10.000000, 1.000000e+01, 1.000000e+00, 1.000000e+03, -16.380894
3.000000, 5.000000, 1.000000e+01, 2.000000e+00, 1.000000e+03, -16.858346
3.000000, 500.000000, 1.000000e+02, 2.000000e-01, 1.000000e+03, -7.887456
3.000000, 250.000000, 1.000000e+02, 4.000000e-01, 1.000000e+03, -11.667176
3.000000, 150.000000, 1.000000e+02, 6.666667e-01, 1.000000e+03, -12.872316
3.000000, 100.000000, 1.000000e+02, 1.000000e+00, 1.000000e+03, -12.885102
3.000000, 80.000000, 1.000000e+02, 1.250000e+00, 1.000000e+03, -13.083910
3.000000, 60.000000, 1.000000e+02, 1.666667e+00, 1.000000e+03, -12.995182
3.000000, 40.000000, 1.000000e+02, 2.500000e+00, 1.000000e+03, -14.549922
3.000000, 20.000000, 1.000000e+02, 5.000000e+00, 1.000000e+03, -15.681489
3.000000, 10.000000, 1.000000e+02, 1.000000e+01, 1.000000e+03, -16.226710
3.000000, 5.000000, 1.000000e+02, 2.000000e+01, 1.000000e+03, -16.836806
3.000000, 500.000000, 1.000000e+03, 2.000000e+00, 1.000000e+03, -6.772394
3.000000, 250.000000, 1.000000e+03, 4.000000e+00, 1.000000e+03, -10.837380
3.000000, 150.000000, 1.000000e+03, 6.666667e+00, 1.000000e+03, -11.490753
3.000000, 100.000000, 1.000000e+03, 1.000000e+01, 1.000000e+03, -12.892150
3.000000, 80.000000, 1.000000e+03, 1.250000e+01, 1.000000e+03, -12.891836
3.000000, 60.000000, 1.000000e+03, 1.666667e+01, 1.000000e+03, -13.205175
3.000000, 40.000000, 1.000000e+03, 2.500000e+01, 1.000000e+03, -14.495805
3.000000, 20.000000, 1.000000e+03, 5.000000e+01, 1.000000e+03, -15.757515
3.000000, 10.000000, 1.000000e+03, 1.000000e+02, 1.000000e+03, -16.316715
3.000000, 5.000000, 1.000000e+03, 2.000000e+02, 1.000000e+03, -16.894884
3.000000, 500.000000, 1.000000e+04, 2.000000e+01, 1.000000e+03, -6.899115
3.000000, 250.000000, 1.000000e+04, 4.000000e+01, 1.000000e+03, -10.585928
3.000000, 150.000000, 1.000000e+04, 6.666667e+01, 1.000000e+03, -11.383329
3.000000, 100.000000, 1.000000e+04, 1.000000e+02, 1.000000e+03, -12.896317
3.000000, 80.000000, 1.000000e+04, 1.250000e+02, 1.000000e+03, -13.036565
3.000000, 60.000000, 1.000000e+04, 1.666667e+02, 1.000000e+03, -13.355175
3.000000, 40.000000, 1.000000e+04, 2.500000e+02, 1.000000e+03, -14.748641
3.000000, 20.000000, 1.000000e+04, 5.000000e+02, 1.000000e+03, -15.530972
3.000000, 10.000000, 1.000000e+04, 1.000000e+03, 1.000000e+03, -16.137047
3.000000, 5.000000, 1.000000e+04, 2.000000e+03, 1.000000e+03, -16.612921
3.000000, 500.000000, 1.000000e+05, 2.000000e+02, 1.000000e+03, -6.925612
3.000000, 250.000000, 1.000000e+05, 4.000000e+02, 1.000000e+03, -10.387190
3.000000, 150.000000, 1.000000e+05, 6.666667e+02, 1.000000e+03, -10.887099
3.000000, 100.000000, 1.000000e+05, 1.000000e+03, 1.000000e+03, -13.297019
3.000000, 80.000000, 1.000000e+05, 1.250000e+03, 1.000000e+03, -13.267065
3.000000, 60.000000, 1.000000e+05, 1.666667e+03, 1.000000e+03, -13.513733
3.000000, 40.000000, 1.000000e+05, 2.500000e+03, 1.000000e+03, -14.739199
3.000000, 20.000000, 1.000000e+05, 5.000000e+03, 1.000000e+03, -14.884551
3.000000, 10.000000, 1.000000e+05, 1.000000e+04, 1.000000e+03, -15.914365
3.000000, 5.000000, 1.000000e+05, 2.000000e+04, 1.000000e+03, -16.649224
3.000000, 500.000000, 1.000000e+00, 2.000000e-03, 1.000000e+04, -7.201488
3.000000, 250.000000, 1.000000e+00, 4.000000e-03, 1.000000e+04, -9.745363
3.000000, 150.000000, 1.000000e+00, 6.666667e-03, 1.000000e+04, -10.397734
3.000000, 100.000000, 1.000000e+00, 1.000000e-02, 1.000000e+04, -9.728906
3.000000, 80.000000, 1.000000e+00, 1.250000e-02, 1.000000e+04, -9.548245
3.000000, 60.000000, 1.000000e+00, 1.666667e-02, 1.000000e+04, -10.440178
3.000000, 40.000000, 1.000000e+00, 2.500000e-02, 1.000000e+04, -10.201299
3.000000, 20.000000, 1.000000e+00, 5.000000e-02, 1.000000e+04, -11.170590
3.000000, 10.000000, 1.000000e+00, 1.000000e-01, 1.000000e+04, -11.803366
3.000000, 5.000000, 1.000000e+00, 2.000000e-01, 1.000000e+04, -12.144706
3.000000, 500.000000, 1.000000e+01, 2.000000e-02, 1.000000e+04, -6.001848
3.000000, 250.000000, 1.000000e+01, 4.000000e-02, 1.000000e+04, -7.470266
3.000000, 150.000000, 1.000000e+01, 6.666667e-02, 1.000000e+04, -10.065832
3.000000, 100.000000, 1.000000e+01, 1.000000e-01, 1.000000e+04, -10.291432
3.000000, 80.000000, 1.000000e+01, 1.250000e-01, 1.000000e+04, -9.030542
3.000000, 60.000000, 1.000000e+01, 1.666667e-01, 1.000000e+04, -10.062458
3.000000, 40.000000, 1.000000e+01, 2.500000e-01, 1.000000e+04, -10.876614
3.000000, 20.000000, 1.000000e+01, 5.000000e-01, 1.000000e+04, -10.739483
3.000000, 10.000000, 1.000000e+01, 1.000000e+00, 1.000000e+04, -11.463574
3.000000, 5.000000, 1.000000e+01, 2.000000e+00, 1.000000e+04, -11.762374
3.000000, 500.000000, 1.000000e+02, 2.000000e-01, 1.000000e+04, -6.325555
3.000000, 250.000000, 1.000000e+02, 4.000000e-01, 1.000000e+04, -7.845981
3.000000, 150.000000, 1.000000e+02, 6.666667e-01, 1.000000e+04, -9.423132
3.000000, 100.000000, 1.000000e+02, 1.000000e+00, 1.000000e+04, -9.654415
3.000000, 80.000000, 1.000000e+02, 1.250000e+00, 1.000000e+04, -9.492777
3.000000, 60.000000, 1.000000e+02, 1.666667e+00, 1.000000e+04, -9.570359
3.000000, 40.000000, 1.000000e+02, 2.500000e+00, 1.000000e+04, -10.313685
3.000000, 20.000000, 1.000000e+02, 5.000000e+00, 1.000000e+04, -10.505644
3.000000, 10.000000, 1.000000e+02, 1.000000e+01, 1.000000e+04, -11.404401
3.000000, 5.000000, 1.000000e+02, 2.000000e+01, 1.000000e+04, -11.705920
3.000000, 500.000000, 1.000000e+03, 2.000000e+00, 1.000000e+04, -6.305237
3.000000, 250.000000, 1.000000e+03, 4.000000e+00, 1.000000e+04, -7.392089
3.000000, 150.000000, 1.000000e+03, 6.666667e+00, 1.000000e+04, -9.226672
3.000000, 100.000000, 1.000000e+03, 1.000000e+01, 1.000000e+04, -9.893187
3.000000, 80.000000, 1.000000e+03, 1.250000e+01, 1.000000e+04, -9.888140
3.000000, 60.000000, 1.000000e+03, 1.666667e+01, 1.000000e+04, -9.581065
3.000000, 40.000000, 1.000000e+03, 2.500000e+01, 1.000000e+04, -10.135264
3.000000, 20.000000, 1.000000e+03, 5.000000e+01, 1.000000e+04, -10.664887
3.000000, 10.000000, 1.000000e+03, 1.000000e+02, 1.000000e+04, -11.566684
3.000000, 5.000000, 1.000000e+03, 2.000000e+02, 1.000000e+04, -11.651260
3.000000, 500.000000, 1.000000e+04, 2.000000e+01, 1.000000e+04, -6.486819
3.000000, 250.000000, 1.000000e+04, 4.000000e+01, 1.000000e+04, -7.132204
3.000000, 150.000000, 1.000000e+04, 6.666667e+01, 1.000000e+04, -9.947192
3.000000, 100.000000, 1.000000e+04, 1.000000e+02, 1.000000e+04, -10.082709
3.000000, 80.000000, 1.000000e+04, 1.250000e+02, 1.000000e+04, -10.287708
3.000000, 60.000000, 1.000000e+04, 1.666667e+02, 1.000000e+04, -10.392391
3.000000, 40.000000, 1.000000e+04, 2.500000e+02, 1.000000e+04, -10.582034
3.000000, 20.000000, 1.000000e+04, 5.000000e+02, 1.000000e+04, -10.668437
3.000000, 10.000000, 1.000000e+04, 1.000000e+03, 1.000000e+04, -11.289459
3.000000, 5.000000, 1.000000e+04, 2.000000e+03, 1.000000e+04, -11.663838
3.000000, 500.000000, 1.000000e+05, 2.000000e+02, 1.000000e+04, -6.387424
3.000000, 250.000000, 1.000000e+05, 4.000000e+02, 1.000000e+04, -7.090930
3.000000, 150.000000, 1.000000e+05, 6.666667e+02, 1.000000e+04, -9.871532
3.000000, 100.000000, 1.000000e+05, 1.000000e+03, 1.000000e+04, -9.947254
3.000000, 80.000000, 1.000000e+05, 1.250000e+03, 1.000000e+04, -9.976483
3.000000, 60.000000, 1.000000e+05, 1.666667e+03, 1.000000e+04, -9.246810
3.000000, 40.000000, 1.000000e+05, 2.500000e+03, 1.000000e+04, -9.809159
3.000000, 20.000000, 1.000000e+05, 5.000000e+03, 1.000000e+04, -10.281077
3.000000, 10.000000, 1.000000e+05, 1.000000e+04, 1.000000e+04, -10.722322
3.000000, 5.000000, 1.000000e+05, 2.000000e+04, 1.000000e+04, -11.660948
3.000000, 500.000000, 1.000000e+00, 2.000000e-03, 1.000000e+05, -6.937102
3.000000, 250.000000, 1.000000e+00, 4.000000e-03, 1.000000e+05, -6.544201
3.000000, 150.000000, 1.000000e+00, 6.666667e-03, 1.000000e+05, -6.481634
3.000000, 100.000000, 1.000000e+00, 1.000000e-02, 1.000000e+05, -6.423018
3.000000, 80.000000, 1.000000e+00, 1.250000e-02, 1.000000e+05, -6.583757
3.000000, 60.000000, 1.000000e+00, 1.666667e-02, 1.000000e+05, -7.025077
3.000000, 40.000000, 1.000000e+00, 2.500000e-02, 1.000000e+05, -7.517463
3.000000, 20.000000, 1.000000e+00, 5.000000e-02, 1.000000e+05, -8.855847
3.000000, 10.000000, 1.000000e+00, 1.000000e-01, 1.000000e+05, -9.685481
3.000000, 5.000000, 1.000000e+00, 2.000000e-01, 1.000000e+05, -10.633011
3.000000, 500.000000, 1.000000e+01, 2.000000e-02, 1.000000e+05, -5.602535
3.000000, 250.000000, 1.000000e+01, 4.000000e-02, 1.000000e+05, -5.537945
3.000000, 150.000000, 1.000000e+01, 6.666667e-02, 1.000000e+05, -6.044338
3.000000, 100.000000, 1.000000e+01, 1.000000e-01, 1.000000e+05, -6.367691
3.000000, 80.000000, 1.000000e+01, 1.250000e-01, 1.000000e+05, -6.596031
3.000000, 60.000000, 1.000000e+01, 1.666667e-01, 1.000000e+05, -6.915206
3.000000, 40.000000, 1.000000e+01, 2.500000e-01, 1.000000e+05, -7.519684
3.000000, 20.000000, 1.000000e+01, 5.000000e-01, 1.000000e+05, -9.007348
3.000000, 10.000000, 1.000000e+01, 1.000000e+00, 1.000000e+05, -9.607715
3.000000, 5.000000, 1.000000e+01, 2.000000e+00, 1.000000e+05, -10.083751
3.000000, 500.000000, 1.000000e+02, 2.000000e-01, 1.000000e+05, -4.989674
3.000000, 250.000000, 1.000000e+02, 4.000000e-01, 1.000000e+05, -5.793704
3.000000, 150.000000, 1.000000e+02, 6.666667e-01, 1.000000e+05, -6.466236
3.000000, 100.000000, 1.000000e+02, 1.000000e+00, 1.000000e+05, -6.955712
3.000000, 80.000000, 1.000000e+02, 1.250000e+00, 1.000000e+05, -7.150278
3.000000, 60.000000, 1.000000e+02, 1.666667e+00, 1.000000e+05, -7.430447
3.000000, 40.000000, 1.000000e+02, 2.500000e+00, 1.000000e+05, -7.905746
3.000000, 20.000000, 1.000000e+02, 5.000000e+00, 1.000000e+05, -8.708431
3.000000, 10.000000, 1.000000e+02, 1.000000e+01, 1.000000e+05, -8.995709
3.000000, 5.000000, 1.000000e+02, 2.000000e+01, 1.000000e+05, -9.670996
3.000000, 500.000000, 1.000000e+03, 2.000000e+00, 1.000000e+05, -5.530788
3.000000, 250.000000, 1.000000e+03, 4.000000e+00, 1.000000e+05, -6.189338
3.000000, 150.000000, 1.000000e+03, 6.666667e+00, 1.000000e+05, -6.590257
3.000000, 100.000000, 1.000000e+03, 1.000000e+01, 1.000000e+05, -6.906564
3.000000, 80.000000, 1.000000e+03, 1.250000e+01, 1.000000e+05, -7.078654
3.000000, 60.000000, 1.000000e+03, 1.666667e+01, 1.000000e+05, -7.415790
3.000000, 40.000000, 1.000000e+03, 2.500000e+01, 1.000000e+05, -7.876390
3.000000, 20.000000, 1.000000e+03, 5.000000e+01, 1.000000e+05, -8.418784
3.000000, 10.000000, 1.000000e+03, 1.000000e+02, 1.000000e+05, -8.652190
3.000000, 5.000000, 1.000000e+03, 2.000000e+02, 1.000000e+05, -8.409364
3.000000, 500.000000, 1.000000e+04, 2.000000e+01, 1.000000e+05, -5.525302
3.000000, 250.000000, 1.000000e+04, 4.000000e+01, 1.000000e+05, -6.147650
3.000000, 150.000000, 1.000000e+04, 6.666667e+01, 1.000000e+05, -6.575383
3.000000, 100.000000, 1.000000e+04, 1.000000e+02, 1.000000e+05, -6.853936
3.000000, 80.000000, 1.000000e+04, 1.250000e+02, 1.000000e+05, -7.052763
3.000000, 60.000000, 1.000000e+04, 1.666667e+02, 1.000000e+05, -7.352760
3.000000, 40.000000, 1.000000e+04, 2.500000e+02, 1.000000e+05, -7.747581
3.000000, 20.000000, 1.000000e+04, 5.000000e+02, 1.000000e+05, -8.193547
3.000000, 10.000000, 1.000000e+04, 1.000000e+03, 1.000000e+05, -7.659972
3.000000, 5.000000, 1.000000e+04, 2.000000e+03, 1.000000e+05, -8.847393
3.000000, 500.000000, 1.000000e+05, 2.000000e+02, 1.000000e+05, -5.468852
3.000000, 250.000000, 1.000000e+05, 4.000000e+02, 1.000000e+05, -6.114640
3.000000, 150.000000, 1.000000e+05, 6.666667e+02, 1.000000e+05, -6.537529
3.000000, 100.000000, 1.000000e+05, 1.000000e+03, 1.000000e+05, -6.856168
3.000000, 80.000000, 1.000000e+05, 1.250000e+03, 1.000000e+05, -7.029755
3.000000, 60.000000, 1.000000e+05, 1.666667e+03, 1.000000e+05, -7.296271
3.000000, 40.000000, 1.000000e+05, 2.500000e+03, 1.000000e+05, -7.732155
3.000000, 20.000000, 1.000000e+05, 5.000000e+03, 1.000000e+05, -8.100826
3.000000, 10.000000, 1.000000e+05, 1.000000e+04, 1.000000e+05, -7.718424
3.000000, 5.000000, 1.000000e+05, 2.000000e+04, 1.000000e+05, -8.203788
