1.000000, 500.000000, 1.000000e+00, 2.000000e-03, 1.000000e+00, -9.681665
1.000000, 250.000000, 1.000000e+00, 4.000000e-03, 1.000000e+00, -11.316970
1.000000, 150.000000, 1.000000e+00, 6.666667e-03, 1.000000e+00, -12.782976
1.000000, 100.000000, 1.000000e+00, 1.000000e-02, 1.000000e+00, -13.838425
1.000000, 80.000000, 1.000000e+00, 1.250000e-02, 1.000000e+00, -13.872733
1.000000, 60.000000, 1.000000e+00, 1.666667e-02, 1.000000e+00, -14.687184
1.000000, 40.000000, 1.000000e+00, 2.500000e-02, 1.000000e+00, -15.717011
1.000000, 20.000000, 1.000000e+00, 5.000000e-02, 1.000000e+00, -16.211537
1.000000, 10.000000, 1.000000e+00, 1.000000e-01, 1.000000e+00, -16.515161
1.000000, 5.000000, 1.000000e+00, 2.000000e-01, 1.000000e+00, -17.641910
1.000000, 500.000000, 1.000000e+01, 2.000000e-02, 1.000000e+00, -8.837836
1.000000, 250.000000, 1.000000e+01, 4.000000e-02, 1.000000e+00, -11.365330
1.000000, 150.000000, 1.000000e+01, 6.666667e-02, 1.000000e+00, -12.266280
1.000000, 100.000000, 1.000000e+01, 1.000000e-01, 1.000000e+00, -13.058891
1.000000, 80.000000, 1.000000e+01, 1.250000e-01, 1.000000e+00, -13.529432
1.000000, 60.000000, 1.000000e+01, 1.666667e-01, 1.000000e+00, -14.105933
1.000000, 40.000000, 1.000000e+01, 2.500000e-01, 1.000000e+00, -14.458111
1.000000, 20.000000, 1.000000e+01, 5.000000e-01, 1.000000e+00, -16.433422
1.000000, 10.000000, 1.000000e+01, 1.000000e+00, 1.000000e+00, -16.532297
1.000000, 5.000000, 1.000000e+01, 2.000000e+00, 1.000000e+00, -16.732435
1.000000, 500.000000, 1.000000e+02, 2.000000e-01, 1.000000e+00, -8.691942
1.000000, 250.000000, 1.000000e+02, 4.000000e-01, 1.000000e+00, -11.091332
1.000000, 150.000000, 1.000000e+02, 6.666667e-01, 1.000000e+00, -12.101666
1.000000, 100.000000, 1.000000e+02, 1.000000e+00, 1.000000e+00, -12.939931
1.000000, 80.000000, 1.000000e+02, 1.250000e+00, 1.000000e+00, -13.402203
1.000000, 60.000000, 1.000000e+02, 1.666667e+00, 1.000000e+00, -13.968545
1.000000, 40.000000, 1.000000e+02, 2.500000e+00, 1.000000e+00, -14.493364
1.000000, 20.000000, 1.000000e+02, 5.000000e+00, 1.000000e+00, -16.052334
1.000000, 10.000000, 1.000000e+02, 1.000000e+01, 1.000000e+00, -16.549375
1.000000, 5.000000, 1.000000e+02, 2.000000e+01, 1.000000e+00, -17.008716
1.000000, 500.000000, 1.000000e+03, 2.000000e+00, 1.000000e+00, -8.426839
1.000000, 250.000000, 1.000000e+03, 4.000000e+00, 1.000000e+00, -11.036382
1.000000, 150.000000, 1.000000e+03, 6.666667e+00, 1.000000e+00, -11.989799
1.000000, 100.000000, 1.000000e+03, 1.000000e+01, 1.000000e+00, -12.992964
1.000000, 80.000000, 1.000000e+03, 1.250000e+01, 1.000000e+00, -13.497337
1.000000, 60.000000, 1.000000e+03, 1.666667e+01, 1.000000e+00, -14.306773
1.000000, 40.000000, 1.000000e+03, 2.500000e+01, 1.000000e+00, -14.380603
1.000000, 20.000000, 1.000000e+03, 5.000000e+01, 1.000000e+00, -15.769791
1.000000, 10.000000, 1.000000e+03, 1.000000e+02, 1.000000e+00, -16.501702
1.000000, 5.000000, 1.000000e+03, 2.000000e+02, 1.000000e+00, -16.854844
1.000000, 500.000000, 1.000000e+04, 2.000000e+01, 1.000000e+00, -7.791107
1.000000, 250.000000, 1.000000e+04, 4.000000e+01, 1.000000e+00, -10.558528
1.000000, 150.000000, 1.000000e+04, 6.666667e+01, 1.000000e+00, -11.833153
1.000000, 100.000000, 1.000000e+04, 1.000000e+02, 1.000000e+00, -13.003108
1.000000, 80.000000, 1.000000e+04, 1.250000e+02, 1.000000e+00, -13.212699
1.000000, 60.000000, 1.000000e+04, 1.666667e+02, 1.000000e+00, -13.826739
1.000000, 40.000000, 1.000000e+04, 2.500000e+02, 1.000000e+00, -14.735586
1.000000, 20.000000, 1.000000e+04, 5.000000e+02, 1.000000e+00, -15.837124
1.000000, 10.000000, 1.000000e+04, 1.000000e+03, 1.000000e+00, -16.397414
1.000000, 5.000000, 1.000000e+04, 2.000000e+03, 1.000000e+00, -16.856518
1.000000, 500.000000, 1.000000e+05, 2.000000e+02, 1.000000e+00, -6.996453
1.000000, 250.000000, 1.000000e+05, 4.000000e+02, 1.000000e+00, -10.233772
1.000000, 150.000000, 1.000000e+05, 6.666667e+02, 1.000000e+00, -11.860750
1.000000, 100.000000, 1.000000e+05, 1.000000e+03, 1.000000e+00, -12.907076
1.000000, 80.000000, 1.000000e+05, 1.250000e+03, 1.000000e+00, -13.553454
1.000000, 60.000000, 1.000000e+05, 1.666667e+03, 1.000000e+00, -13.783470
1.000000, 40.000000, 1.000000e+05, 2.500000e+03, 1.000000e+00, -14.240436
1.000000, 20.000000, 1.000000e+05, 5.000000e+03, 1.000000e+00, -16.137178
1.000000, 10.000000, 1.000000e+05, 1.000000e+04, 1.000000e+00, -16.434329
1.000000, 5.000000, 1.000000e+05, 2.000000e+04, 1.000000e+00, -16.512933
1.000000, 500.000000, 1.000000e+00, 2.000000e-03, 1.000000e+01, -7.755403
1.000000, 250.000000, 1.000000e+00, 4.000000e-03, 1.000000e+01, -9.861894
1.000000, 150.000000, 1.000000e+00, 6.666667e-03, 1.000000e+01, -11.139740
1.000000, 100.000000, 1.000000e+00, 1.000000e-02, 1.000000e+01, -12.023788
1.000000, 80.000000, 1.000000e+00, 1.250000e-02, 1.000000e+01, -12.856254
1.000000, 60.000000, 1.000000e+00, 1.666667e-02, 1.000000e+01, -13.116848
1.000000, 40.000000, 1.000000e+00, 2.500000e-02, 1.000000e+01, -15.001308
1.000000, 20.000000, 1.000000e+00, 5.000000e-02, 1.000000e+01, -15.629203
1.000000, 10.000000, 1.000000e+00, 1.000000e-01, 1.000000e+01, -16.237979
1.000000, 5.000000, 1.000000e+00, 2.000000e-01, 1.000000e+01, -16.340143
1.000000, 500.000000, 1.000000e+01, 2.000000e-02, 1.000000e+01, -8.112038
1.000000, 250.000000, 1.000000e+01, 4.000000e-02, 1.000000e+01, -9.863670
1.000000, 150.000000, 1.000000e+01, 6.666667e-02, 1.000000e+01, -10.989653
1.000000, 100.000000, 1.000000e+01, 1.000000e-01, 1.000000e+01, -12.036172
1.000000, 80.000000, 1.000000e+01, 1.250000e-01, 1.000000e+01, -12.455455
1.000000, 60.000000, 1.000000e+01, 1.666667e-01, 1.000000e+01, -13.150908
1.000000, 40.000000, 1.000000e+01, 2.500000e-01, 1.000000e+01, -14.208310
1.000000, 20.000000, 1.000000e+01, 5.000000e-01, 1.000000e+01, -15.490301
1.000000, 10.000000, 1.000000e+01, 1.000000e+00, 1.000000e+01, -15.967223
1.000000, 5.000000, 1.000000e+01, 2.000000e+00, 1.000000e+01, -15.876849
1.000000, 500.000000, 1.000000e+02, 2.000000e-01, 1.000000e+01, -8.122931
1.000000, 250.000000, 1.000000e+02, 4.000000e-01, 1.000000e+01, -9.816229
1.000000, 150.000000, 1.000000e+02, 6.666667e-01, 1.000000e+01, -10.839500
1.000000, 100.000000, 1.000000e+02, 1.000000e+00, 1.000000e+01, -11.932648
1.000000, 80.000000, 1.000000e+02, 1.250000e+00, 1.000000e+01, -12.362637
1.000000, 60.000000, 1.000000e+02, 1.666667e+00, 1.000000e+01, -12.994141
1.000000, 40.000000, 1.000000e+02, 2.500000e+00, 1.000000e+01, -14.367731
1.000000, 20.000000, 1.000000e+02, 5.000000e+00, 1.000000e+01, -15.212869
1.000000, 10.000000, 1.000000e+02, 1.000000e+01, 1.000000e+01, -15.758340
1.000000, 5.000000, 1.000000e+02, 2.000000e+01, 1.000000e+01, -15.948200
1.000000, 500.000000, 1.000000e+03, 2.000000e+00, 1.000000e+01, -7.148053
1.000000, 250.000000, 1.000000e+03, 4.000000e+00, 1.000000e+01, -9.459719
1.000000, 150.000000, 1.000000e+03, 6.666667e+00, 1.000000e+01, -10.688151
1.000000, 100.000000, 1.000000e+03, 1.000000e+01, 1.000000e+01, -11.791473
1.000000, 80.000000, 1.000000e+03, 1.250000e+01, 1.000000e+01, -12.376460
1.000000, 60.000000, 1.000000e+03, 1.666667e+01, 1.000000e+01, -12.846519
1.000000, 40.000000, 1.000000e+03, 2.500000e+01, 1.000000e+01, -14.447391
1.000000, 20.000000, 1.000000e+03, 5.000000e+01, 1.000000e+01, -15.231339
1.000000, 10.000000, 1.000000e+03, 1.000000e+02, 1.000000e+01, -15.788534
1.000000, 5.000000, 1.000000e+03, 2.000000e+02, 1.000000e+01, -15.589549
1.000000, 500.000000, 1.000000e+04, 2.000000e+01, 1.000000e+01, -6.933277
1.000000, 250.000000, 1.000000e+04, 4.000000e+01, 1.000000e+01, -9.225252
1.000000, 150.000000, 1.000000e+04, 6.666667e+01, 1.000000e+01, -10.681097
1.000000, 100.000000, 1.000000e+04, 1.000000e+02, 1.000000e+01, -11.801689
1.000000, 80.000000, 1.000000e+04, 1.250000e+02, 1.000000e+01, -12.692223
1.000000, 60.000000, 1.000000e+04, 1.666667e+02, 1.000000e+01, -13.261932
1.000000, 40.000000, 1.000000e+04, 2.500000e+02, 1.000000e+01, -14.134813
1.000000, 20.000000, 1.000000e+04, 5.000000e+02, 1.000000e+01, -15.386101
1.000000, 10.000000, 1.000000e+04, 1.000000e+03, 1.000000e+01, -15.851018
1.000000, 5.000000, 1.000000e+04, 2.000000e+03, 1.000000e+01, -16.283748
1.000000, 500.000000, 1.000000e+05, 2.000000e+02, 1.000000e+01, -6.687618
1.000000, 250.000000, 1.000000e+05, 4.000000e+02, 1.000000e+01, -8.676530
1.000000, 150.000000, 1.000000e+05, 6.666667e+02, 1.000000e+01, -10.585373
1.000000, 100.000000, 1.000000e+05, 1.000000e+03, 1.000000e+01, -11.638044
1.000000, 80.000000, 1.000000e+05, 1.250000e+03, 1.000000e+01, -12.265234
1.000000, 60.000000, 1.000000e+05, 1.666667e+03, 1.000000e+01, -13.112345
1.000000, 40.000000, 1.000000e+05, 2.500000e+03, 1.000000e+01, -13.384709
1.000000, 20.000000, 1.000000e+05, 5.000000e+03, 1.000000e+01, -15.564164
1.000000, 10.000000, 1.000000e+05, 1.000000e+04, 1.000000e+01, -16.086114
1.000000, 5.000000, 1.000000e+05, 2.000000e+04, 1.000000e+01, -16.357010
1.000000, 500.000000, 1.000000e+00, 2.000000e-03, 1.000000e+02, -7.245313
1.000000, 250.000000, 1.000000e+00, 4.000000e-03, 1.000000e+02, -7.739537
1.000000, 150.000000, 1.000000e+00, 6.666667e-03, 1.000000e+02, -8.895741
1.000000, 100.000000, 1.000000e+00, 1.000000e-02, 1.000000e+02, -10.576904
1.000000, 80.000000, 1.000000e+00, 1.250000e-02, 1.000000e+02, -11.356159
1.000000, 60.000000, 1.000000e+00, 1.666667e-02, 1.000000e+02, -12.279341
1.000000, 40.000000, 1.000000e+00, 2.500000e-02, 1.000000e+02, -13.234405
1.000000, 20.000000, 1.000000e+00, 5.000000e-02, 1.000000e+02, -14.895036
1.000000, 10.000000, 1.000000e+00, 1.000000e-01, 1.000000e+02, -14.934885
1.000000, 5.000000, 1.000000e+00, 2.000000e-01, 1.000000e+02, -15.593690
1.000000, 500.000000, 1.000000e+01, 2.000000e-02, 1.000000e+02, -6.799074
1.000000, 250.000000, 1.000000e+01, 4.000000e-02, 1.000000e+02, -7.820782
1.000000, 150.000000, 1.000000e+01, 6.666667e-02, 1.000000e+02, -8.906268
1.000000, 100.000000, 1.000000e+01, 1.000000e-01, 1.000000e+02, -10.469527
1.000000, 80.000000, 1.000000e+01, 1.250000e-01, 1.000000e+02, -11.150081
1.000000, 60.000000, 1.000000e+01, 1.666667e-01, 1.000000e+02, -11.712474
1.000000, 40.000000, 1.000000e+01, 2.500000e-01, 1.000000e+02, -12.977416
1.000000, 20.000000, 1.000000e+01, 5.000000e-01, 1.000000e+02, -14.499692
1.000000, 10.000000, 1.000000e+01, 1.000000e+00, 1.000000e+02, -14.821028
1.000000, 5.000000, 1.000000e+01, 2.000000e+00, 1.000000e+02, -15.845074
1.000000, 500.000000, 1.000000e+02, 2.000000e-01, 1.000000e+02, -6.682537
1.000000, 250.000000, 1.000000e+02, 4.000000e-01, 1.000000e+02, -7.703830
1.000000, 150.000000, 1.000000e+02, 6.666667e-01, 1.000000e+02, -8.784512
1.000000, 100.000000, 1.000000e+02, 1.000000e+00, 1.000000e+02, -10.279311
1.000000, 80.000000, 1.000000e+02, 1.250000e+00, 1.000000e+02, -10.980022
1.000000, 60.000000, 1.000000e+02, 1.666667e+00, 1.000000e+02, -11.411815
1.000000, 40.000000, 1.000000e+02, 2.500000e+00, 1.000000e+02, -13.030461
1.000000, 20.000000, 1.000000e+02, 5.000000e+00, 1.000000e+02, -14.370042
1.000000, 10.000000, 1.000000e+02, 1.000000e+01, 1.000000e+02, -15.008112
1.000000, 5.000000, 1.000000e+02, 2.000000e+01, 1.000000e+02, -14.989253
1.000000, 500.000000, 1.000000e+03, 2.000000e+00, 1.000000e+02, -6.505471
1.000000, 250.000000, 1.000000e+03, 4.000000e+00, 1.000000e+02, -7.595985
1.000000, 150.000000, 1.000000e+03, 6.666667e+00, 1.000000e+02, -8.682328
1.000000, 100.000000, 1.000000e+03, 1.000000e+01, 1.000000e+02, -10.276366
1.000000, 80.000000, 1.000000e+03, 1.250000e+01, 1.000000e+02, -10.845557
1.000000, 60.000000, 1.000000e+03, 1.666667e+01, 1.000000e+02, -11.658258
1.000000, 40.000000, 1.000000e+03, 2.500000e+01, 1.000000e+02, -13.133959
1.000000, 20.000000, 1.000000e+03, 5.000000e+01, 1.000000e+02, -14.333785
1.000000, 10.000000, 1.000000e+03, 1.000000e+02, 1.000000e+02, -14.914302
1.000000, 5.000000, 1.000000e+03, 2.000000e+02, 1.000000e+02, -14.824000
1.000000, 500.000000, 1.000000e+04, 2.000000e+01, 1.000000e+02, -6.305663
1.000000, 250.000000, 1.000000e+04, 4.000000e+01, 1.000000e+02, -7.482584
1.000000, 150.000000, 1.000000e+04, 6.666667e+01, 1.000000e+02, -8.576179
1.000000, 100.000000, 1.000000e+04, 1.000000e+02, 1.000000e+02, -9.905990
1.000000, 80.000000, 1.000000e+04, 1.250000e+02, 1.000000e+02, -10.806251
1.000000, 60.000000, 1.000000e+04, 1.666667e+02, 1.000000e+02, -11.422497
1.000000, 40.000000, 1.000000e+04, 2.500000e+02, 1.000000e+02, -13.097239
1.000000, 20.000000, 1.000000e+04, 5.000000e+02, 1.000000e+02, -14.268448
1.000000, 10.000000, 1.000000e+04, 1.000000e+03, 1.000000e+02, -15.098682
1.000000, 5.000000, 1.000000e+04, 2.000000e+03, 1.000000e+02, -15.623204
1.000000, 500.000000, 1.000000e+05, 2.000000e+02, 1.000000e+02, -6.785836
1.000000, 250.000000, 1.000000e+05, 4.000000e+02, 1.000000e+02, -7.340839
1.000000, 150.000000, 1.000000e+05, 6.666667e+02, 1.000000e+02, -8.472314
1.000000, 100.000000, 1.000000e+05, 1.000000e+03, 1.000000e+02, -10.101220
1.000000, 80.000000, 1.000000e+05, 1.250000e+03, 1.000000e+02, -10.720000
1.000000, 60.000000, 1.000000e+05, 1.666667e+03, 1.000000e+02, -11.560414
1.000000, 40.000000, 1.000000e+05, 2.500000e+03, 1.000000e+02, -11.920681
1.000000, 20.000000, 1.000000e+05, 5.000000e+03, 1.000000e+02, -14.520954
1.000000, 10.000000, 1.000000e+05, 1.000000e+04, 1.000000e+02, -14.976268
1.000000, 5.000000, 1.000000e+05, 2.000000e+04, 1.000000e+02, -15.755604
1.000000, 500.000000, 1.000000e+00, 2.000000e-03, 1.000000e+03, -7.093532
1.000000, 250.000000, 1.000000e+00, 4.000000e-03, 1.000000e+03, -7.134555
1.000000, 150.000000, 1.000000e+00, 6.666667e-03, 1.000000e+03, -7.608564
1.000000, 100.000000, 1.000000e+00, 1.000000e-02, 1.000000e+03, -8.328482
1.000000, 80.000000, 1.000000e+00, 1.250000e-02, 1.000000e+03, -9.014847
1.000000, 60.000000, 1.000000e+00, 1.666667e-02, 1.000000e+03, -10.114904
1.000000, 40.000000, 1.000000e+00, 2.500000e-02, 1.000000e+03, -11.638617
1.000000, 20.000000, 1.000000e+00, 5.000000e-02, 1.000000e+03, -13.556552
1.000000, 10.000000, 1.000000e+00, 1.000000e-01, 1.000000e+03, -14.310784
1.000000, 5.000000, 1.000000e+00, 2.000000e-01, 1.000000e+03, -14.307962
1.000000, 500.000000, 1.000000e+01, 2.000000e-02, 1.000000e+03, -6.378779
1.000000, 250.000000, 1.000000e+01, 4.000000e-02, 1.000000e+03, -7.252440
1.000000, 150.000000, 1.000000e+01, 6.666667e-02, 1.000000e+03, -7.842338
1.000000, 100.000000, 1.000000e+01, 1.000000e-01, 1.000000e+03, -8.502150
1.000000, 80.000000, 1.000000e+01, 1.250000e-01, 1.000000e+03, -9.068207
1.000000, 60.000000, 1.000000e+01, 1.666667e-01, 1.000000e+03, -9.839849
1.000000, 40.000000, 1.000000e+01, 2.500000e-01, 1.000000e+03, -11.345447
1.000000, 20.000000, 1.000000e+01, 5.000000e-01, 1.000000e+03, -13.549485
1.000000, 10.000000, 1.000000e+01, 1.000000e+00, 1.000000e+03, -14.284354
1.000000, 5.000000, 1.000000e+01, 2.000000e+00, 1.000000e+03, -14.306938
1.000000, 500.000000, 1.000000e+02, 2.000000e-01, 1.000000e+03, -6.453179
1.000000, 250.000000, 1.000000e+02, 4.000000e-01, 1.000000e+03, -7.164396
1.000000, 150.000000, 1.000000e+02, 6.666667e-01, 1.000000e+03, -7.777015
1.000000, 100.000000, 1.000000e+02, 1.000000e+00, 1.000000e+03, -8.413207
1.000000, 80.000000, 1.000000e+02, 1.250000e+00, 1.000000e+03, -8.883417
1.000000, 60.000000, 1.000000e+02, 1.666667e+00, 1.000000e+03, -9.431451
1.000000, 40.000000, 1.000000e+02, 2.500000e+00, 1.000000e+03, -11.217806
1.000000, 20.000000, 1.000000e+02, 5.000000e+00, 1.000000e+03, -13.021753
1.000000, 10.000000, 1.000000e+02, 1.000000e+01, 1.000000e+03, -13.995837
1.000000, 5.000000, 1.000000e+02, 2.000000e+01, 1.000000e+03, -14.437547
1.000000, 500.000000, 1.000000e+03, 2.000000e+00, 1.000000e+03, -6.301289
1.000000, 250.000000, 1.000000e+03, 4.000000e+00, 1.000000e+03, -7.088518
1.000000, 150.000000, 1.000000e+03, 6.666667e+00, 1.000000e+03, -7.724634
1.000000, 100.000000, 1.000000e+03, 1.000000e+01, 1.000000e+03, -8.329924
1.000000, 80.000000, 1.000000e+03, 1.250000e+01, 1.000000e+03, -8.815272
1.000000, 60.000000, 1.000000e+03, 1.666667e+01, 1.000000e+03, -9.371471
1.000000, 40.000000, 1.000000e+03, 2.500000e+01, 1.000000e+03, -11.386453
1.000000, 20.000000, 1.000000e+03, 5.000000e+01, 1.000000e+03, -12.377867
1.000000, 10.000000, 1.000000e+03, 1.000000e+02, 1.000000e+03, -14.276258
1.000000, 5.000000, 1.000000e+03, 2.000000e+02, 1.000000e+03, -14.368550
1.000000, 500.000000, 1.000000e+04, 2.000000e+01, 1.000000e+03, -6.134904
1.000000, 250.000000, 1.000000e+04, 4.000000e+01, 1.000000e+03, -7.015610
1.000000, 150.000000, 1.000000e+04, 6.666667e+01, 1.000000e+03, -7.673712
1.000000, 100.000000, 1.000000e+04, 1.000000e+02, 1.000000e+03, -8.269109
1.000000, 80.000000, 1.000000e+04, 1.250000e+02, 1.000000e+03, -8.769015
1.000000, 60.000000, 1.000000e+04, 1.666667e+02, 1.000000e+03, -9.292774
1.000000, 40.000000, 1.000000e+04, 2.500000e+02, 1.000000e+03, -10.958229
1.000000, 20.000000, 1.000000e+04, 5.000000e+02, 1.000000e+03, -11.665090
1.000000, 10.000000, 1.000000e+04, 1.000000e+03, 1.000000e+03, -14.308468
1.000000, 5.000000, 1.000000e+04, 2.000000e+03, 1.000000e+03, -14.036775
1.000000, 500.000000, 1.000000e+05, 2.000000e+02, 1.000000e+03, -5.991870
1.000000, 250.000000, 1.000000e+05, 4.000000e+02, 1.000000e+03, -6.941426
1.000000, 150.000000, 1.000000e+05, 6.666667e+02, 1.000000e+03, -7.615179
1.000000, 100.000000, 1.000000e+05, 1.000000e+03, 1.000000e+03, -8.204492
1.000000, 80.000000, 1.000000e+05, 1.250000e+03, 1.000000e+03, -8.637659
1.000000, 60.000000, 1.000000e+05, 1.666667e+03, 1.000000e+03, -9.112794
1.000000, 40.000000, 1.000000e+05, 2.500000e+03, 1.000000e+03, -11.485086
1.000000, 20.000000, 1.000000e+05, 5.000000e+03, 1.000000e+03, -11.154585
1.000000, 10.000000, 1.000000e+05, 1.000000e+04, 1.000000e+03, -14.161571
1.000000, 5.000000, 1.000000e+05, 2.000000e+04, 1.000000e+03, -14.733694
1.000000, 500.000000, 1.000000e+00, 2.000000e-03, 1.000000e+04, -6.830620
1.000000, 250.000000, 1.000000e+00, 4.000000e-03, 1.000000e+04, -6.735027
1.000000, 150.000000, 1.000000e+00, 6.666667e-03, 1.000000e+04, -6.830954
1.000000, 100.000000, 1.000000e+00, 1.000000e-02, 1.000000e+04, -7.197443
1.000000, 80.000000, 1.000000e+00, 1.250000e-02, 1.000000e+04, -7.431660
1.000000, 60.000000, 1.000000e+00, 1.666667e-02, 1.000000e+04, -7.805514
1.000000, 40.000000, 1.000000e+00, 2.500000e-02, 1.000000e+04, -8.431558
1.000000, 20.000000, 1.000000e+00, 5.000000e-02, 1.000000e+04, -9.542841
1.000000, 10.000000, 1.000000e+00, 1.000000e-01, 1.000000e+04, -10.204656
1.000000, 5.000000, 1.000000e+00, 2.000000e-01, 1.000000e+04, -10.425058
1.000000, 500.000000, 1.000000e+01, 2.000000e-02, 1.000000e+04, -5.978706
1.000000, 250.000000, 1.000000e+01, 4.000000e-02, 1.000000e+04, -6.678375
1.000000, 150.000000, 1.000000e+01, 6.666667e-02, 1.000000e+04, -7.264091
1.000000, 100.000000, 1.000000e+01, 1.000000e-01, 1.000000e+04, -7.603067
1.000000, 80.000000, 1.000000e+01, 1.250000e-01, 1.000000e+04, -7.752404
1.000000, 60.000000, 1.000000e+01, 1.666667e-01, 1.000000e+04, -8.015714
1.000000, 40.000000, 1.000000e+01, 2.500000e-01, 1.000000e+04, -8.485797
1.000000, 20.000000, 1.000000e+01, 5.000000e-01, 1.000000e+04, -9.426074
1.000000, 10.000000, 1.000000e+01, 1.000000e+00, 1.000000e+04, -10.013804
1.000000, 5.000000, 1.000000e+01, 2.000000e+00, 1.000000e+04, -10.327571
1.000000, 500.000000, 1.000000e+02, 2.000000e-01, 1.000000e+04, -6.249465
1.000000, 250.000000, 1.000000e+02, 4.000000e-01, 1.000000e+04, -6.783998
1.000000, 150.000000, 1.000000e+02, 6.666667e-01, 1.000000e+04, -7.200744
1.000000, 100.000000, 1.000000e+02, 1.000000e+00, 1.000000e+04, -7.558726
1.000000, 80.000000, 1.000000e+02, 1.250000e+00, 1.000000e+04, -7.721553
1.000000, 60.000000, 1.000000e+02, 1.666667e+00, 1.000000e+04, -7.979494
1.000000, 40.000000, 1.000000e+02, 2.500000e+00, 1.000000e+04, -8.443497
1.000000, 20.000000, 1.000000e+02, 5.000000e+00, 1.000000e+04, -9.326057
1.000000, 10.000000, 1.000000e+02, 1.000000e+01, 1.000000e+04, -9.990640
1.000000, 5.000000, 1.000000e+02, 2.000000e+01, 1.000000e+04, -10.236343
1.000000, 500.000000, 1.000000e+03, 2.000000e+00, 1.000000e+04, -6.233777
1.000000, 250.000000, 1.000000e+03, 4.000000e+00, 1.000000e+04, -6.711499
1.000000, 150.000000, 1.000000e+03, 6.666667e+00, 1.000000e+04, -7.152727
1.000000, 100.000000, 1.000000e+03, 1.000000e+01, 1.000000e+04, -7.512554
1.000000, 80.000000, 1.000000e+03, 1.250000e+01, 1.000000e+04, -7.699004
1.000000, 60.000000, 1.000000e+03, 1.666667e+01, 1.000000e+04, -7.937741
1.000000, 40.000000, 1.000000e+03, 2.500000e+01, 1.000000e+04, -8.408349
1.000000, 20.000000, 1.000000e+03, 5.000000e+01, 1.000000e+04, -9.243278
1.000000, 10.000000, 1.000000e+03, 1.000000e+02, 1.000000e+04, -9.942900
1.000000, 5.000000, 1.000000e+03, 2.000000e+02, 1.000000e+04, -10.175019
1.000000, 500.000000, 1.000000e+04, 2.000000e+01, 1.000000e+04, -6.219343
1.000000, 250.000000, 1.000000e+04, 4.000000e+01, 1.000000e+04, -6.646701
1.000000, 150.000000, 1.000000e+04, 6.666667e+01, 1.000000e+04, -7.115939
1.000000, 100.000000, 1.000000e+04, 1.000000e+02, 1.000000e+04, -7.471335
1.000000, 80.000000, 1.000000e+04, 1.250000e+02, 1.000000e+04, -7.669291
1.000000, 60.000000, 1.000000e+04, 1.666667e+02, 1.000000e+04, -7.920834
1.000000, 40.000000, 1.000000e+04, 2.500000e+02, 1.000000e+04, -8.337402
1.000000, 20.000000, 1.000000e+04, 5.000000e+02, 1.000000e+04, -9.184187
1.000000, 10.000000, 1.000000e+04, 1.000000e+03, 1.000000e+04, -10.016486
1.000000, 5.000000, 1.000000e+04, 2.000000e+03, 1.000000e+04, -10.122271
1.000000, 500.000000, 1.000000e+05, 2.000000e+02, 1.000000e+04, -6.268271
1.000000, 250.000000, 1.000000e+05, 4.000000e+02, 1.000000e+04, -6.585504
1.000000, 150.000000, 1.000000e+05, 6.666667e+02, 1.000000e+04, -7.080313
1.000000, 100.000000, 1.000000e+05, 1.000000e+03, 1.000000e+04, -7.440329
1.000000, 80.000000, 1.000000e+05, 1.250000e+03, 1.000000e+04, -7.631954
1.000000, 60.000000, 1.000000e+05, 1.666667e+03, 1.000000e+04, -7.868381
1.000000, 40.000000, 1.000000e+05, 2.500000e+03, 1.000000e+04, -8.314450
1.000000, 20.000000, 1.000000e+05, 5.000000e+03, 1.000000e+04, -8.995819
1.000000, 10.000000, 1.000000e+05, 1.000000e+04, 1.000000e+04, -9.672225
1.000000, 5.000000, 1.000000e+05, 2.000000e+04, 1.000000e+04, -10.125936
1.000000, 500.000000, 1.000000e+00, 2.000000e-03, 1.000000e+05, -6.768561
1.000000, 250.000000, 1.000000e+00, 4.000000e-03, 1.000000e+05, -6.731493
1.000000, 150.000000, 1.000000e+00, 6.666667e-03, 1.000000e+05, -6.635477
1.000000, 100.000000, 1.000000e+00, 1.000000e-02, 1.000000e+05, -6.568329
1.000000, 80.000000, 1.000000e+00, 1.250000e-02, 1.000000e+05, -6.681760
1.000000, 60.000000, 1.000000e+00, 1.666667e-02, 1.000000e+05, -7.163992
1.000000, 40.000000, 1.000000e+00, 2.500000e-02, 1.000000e+05, -7.772933
1.000000, 20.000000, 1.000000e+00, 5.000000e-02, 1.000000e+05, -8.690565
1.000000, 10.000000, 1.000000e+00, 1.000000e-01, 1.000000e+05, -9.115935
1.000000, 5.000000, 1.000000e+00, 2.000000e-01, 1.000000e+05, -9.293365
1.000000, 500.000000, 1.000000e+01, 2.000000e-02, 1.000000e+05, -5.858879
1.000000, 250.000000, 1.000000e+01, 4.000000e-02, 1.000000e+05, -5.860877
1.000000, 150.000000, 1.000000e+01, 6.666667e-02, 1.000000e+05, -6.355294
1.000000, 100.000000, 1.000000e+01, 1.000000e-01, 1.000000e+05, -7.287171
1.000000, 80.000000, 1.000000e+01, 1.250000e-01, 1.000000e+05, -7.546429
1.000000, 60.000000, 1.000000e+01, 1.666667e-01, 1.000000e+05, -7.744258
1.000000, 40.000000, 1.000000e+01, 2.500000e-01, 1.000000e+05, -8.003997
1.000000, 20.000000, 1.000000e+01, 5.000000e-01, 1.000000e+05, -8.595691
1.000000, 10.000000, 1.000000e+01, 1.000000e+00, 1.000000e+05, -8.915364
1.000000, 5.000000, 1.000000e+01, 2.000000e+00, 1.000000e+05, -9.055813
1.000000, 500.000000, 1.000000e+02, 2.000000e-01, 1.000000e+05, -5.467369
1.000000, 250.000000, 1.000000e+02, 4.000000e-01, 1.000000e+05, -6.697079
1.000000, 150.000000, 1.000000e+02, 6.666667e-01, 1.000000e+05, -7.028026
1.000000, 100.000000, 1.000000e+02, 1.000000e+00, 1.000000e+05, -7.321827
1.000000, 80.000000, 1.000000e+02, 1.250000e+00, 1.000000e+05, -7.483621
1.000000, 60.000000, 1.000000e+02, 1.666667e+00, 1.000000e+05, -7.651513
1.000000, 40.000000, 1.000000e+02, 2.500000e+00, 1.000000e+05, -7.929304
1.000000, 20.000000, 1.000000e+02, 5.000000e+00, 1.000000e+05, -8.488011
1.000000, 10.000000, 1.000000e+02, 1.000000e+01, 1.000000e+05, -8.814256
1.000000, 5.000000, 1.000000e+02, 2.000000e+01, 1.000000e+05, -9.157653
1.000000, 500.000000, 1.000000e+03, 2.000000e+00, 1.000000e+05, -5.956436
1.000000, 250.000000, 1.000000e+03, 4.000000e+00, 1.000000e+05, -6.566727
1.000000, 150.000000, 1.000000e+03, 6.666667e+00, 1.000000e+05, -6.949240
1.000000, 100.000000, 1.000000e+03, 1.000000e+01, 1.000000e+05, -7.277374
1.000000, 80.000000, 1.000000e+03, 1.250000e+01, 1.000000e+05, -7.419843
1.000000, 60.000000, 1.000000e+03, 1.666667e+01, 1.000000e+05, -7.673187
1.000000, 40.000000, 1.000000e+03, 2.500000e+01, 1.000000e+05, -7.916219
1.000000, 20.000000, 1.000000e+03, 5.000000e+01, 1.000000e+05, -8.496214
1.000000, 10.000000, 1.000000e+03, 1.000000e+02, 1.000000e+05, -8.809510
1.000000, 5.000000, 1.000000e+03, 2.000000e+02, 1.000000e+05, -9.023042
1.000000, 500.000000, 1.000000e+04, 2.000000e+01, 1.000000e+05, -5.773048
1.000000, 250.000000, 1.000000e+04, 4.000000e+01, 1.000000e+05, -6.478195
1.000000, 150.000000, 1.000000e+04, 6.666667e+01, 1.000000e+05, -6.920612
1.000000, 100.000000, 1.000000e+04, 1.000000e+02, 1.000000e+05, -7.258640
1.000000, 80.000000, 1.000000e+04, 1.250000e+02, 1.000000e+05, -7.378591
1.000000, 60.000000, 1.000000e+04, 1.666667e+02, 1.000000e+05, -7.639106
1.000000, 40.000000, 1.000000e+04, 2.500000e+02, 1.000000e+05, -7.895585
1.000000, 20.000000, 1.000000e+04, 5.000000e+02, 1.000000e+05, -8.420114
1.000000, 10.000000, 1.000000e+04, 1.000000e+03, 1.000000e+05, -8.779802
1.000000, 5.000000, 1.000000e+04, 2.000000e+03, 1.000000e+05, -8.948157
1.000000, 500.000000, 1.000000e+05, 2.000000e+02, 1.000000e+05, -5.626213
1.000000, 250.000000, 1.000000e+05, 4.000000e+02, 1.000000e+05, -6.405700
1.000000, 150.000000, 1.000000e+05, 6.666667e+02, 1.000000e+05, -6.748667
1.000000, 100.000000, 1.000000e+05, 1.000000e+03, 1.000000e+05, -7.232611
1.000000, 80.000000, 1.000000e+05, 1.250000e+03, 1.000000e+05, -7.357992
1.000000, 60.000000, 1.000000e+05, 1.666667e+03, 1.000000e+05, -7.561863
1.000000, 40.000000, 1.000000e+05, 2.500000e+03, 1.000000e+05, -7.862856
1.000000, 20.000000, 1.000000e+05, 5.000000e+03, 1.000000e+05, -8.380830
1.000000, 10.000000, 1.000000e+05, 1.000000e+04, 1.000000e+05, -8.654115
1.000000, 5.000000, 1.000000e+05, 2.000000e+04, 1.000000e+05, -9.096727
